id,label
60001,9
60002,2
60003,1
60004,1
60005,6
60006,1
60007,4
60008,6
60009,5
60010,7
60011,4
60012,5
60013,7
60014,3
60015,4
60016,1
60017,2
60018,4
60019,8
60020,0
60021,2
60022,5
60023,7
60024,5
60025,1
60026,2
60027,6
60028,0
60029,9
60030,3
60031,8
60032,8
60033,3
60034,3
60035,8
60036,0
60037,7
60038,5
60039,7
60040,9
60041,0
60042,1
60043,6
60044,7
60045,6
60046,7
60047,2
60048,1
60049,2
60050,6
60051,4
60052,2
60053,5
60054,8
60055,2
60056,2
60057,8
60058,4
60059,8
60060,0
60061,7
60062,7
60063,8
60064,5
60065,1
60066,1
60067,2
60068,3
60069,7
60070,8
60071,7
60072,0
60073,2
60074,6
60075,4
60076,3
60077,1
60078,2
60079,8
60080,4
60081,1
60082,8
60083,5
60084,9
60085,5
60086,0
60087,3
60088,2
60089,0
60090,2
60091,5
60092,3
60093,6
60094,7
60095,1
60096,8
60097,0
60098,1
60099,2
60100,2
60101,3
60102,6
60103,7
60104,2
60105,7
60106,8
60107,5
60108,9
60109,9
60110,4
60111,2
60112,5
60113,7
60114,0
60115,5
60116,2
60117,8
60118,6
60119,7
60120,8
60121,0
60122,0
60123,9
60124,9
60125,3
60126,0
60127,8
60128,4
60129,1
60130,5
60131,4
60132,1
60133,9
60134,1
60135,8
60136,4
60137,2
60138,1
60139,2
60140,5
60141,1
60142,6
60143,0
60144,0
60145,1
60146,6
60147,1
60148,3
60149,2
60150,2
60151,3
60152,4
60153,1
60154,3
60155,5
60156,6
60157,4
60158,7
60159,9
60160,3
60161,7
60162,2
60163,3
60164,9
60165,0
60166,9
60167,2
60168,7
60169,4
60170,2
60171,0
60172,5
60173,2
60174,1
60175,2
60176,1
60177,3
60178,0
60179,9
60180,1
60181,0
60182,9
60183,3
60184,6
60185,7
60186,9
60187,9
60188,4
60189,4
60190,7
60191,1
60192,2
60193,1
60194,6
60195,3
60196,2
60197,8
60198,3
60199,6
60200,1
60201,1
60202,0
60203,2
60204,9
60205,2
60206,4
60207,0
60208,7
60209,9
60210,8
60211,4
60212,1
60213,8
60214,2
60215,1
60216,3
60217,1
60218,6
60219,7
60220,2
60221,8
60222,5
60223,2
60224,0
60225,7
60226,7
60227,6
60228,2
60229,7
60230,0
60231,7
60232,8
60233,9
60234,2
60235,9
60236,0
60237,5
60238,1
60239,4
60240,2
60241,5
60242,4
60243,9
60244,2
60245,2
60246,8
60247,6
60248,2
60249,2
60250,2
60251,9
60252,7
60253,6
60254,5
60255,5
60256,2
60257,8
60258,5
60259,2
60260,3
60261,0
60262,4
60263,8
60264,0
60265,0
60266,6
60267,3
60268,8
60269,9
60270,6
60271,1
60272,3
60273,0
60274,2
60275,3
60276,0
60277,8
60278,3
60279,7
60280,4
60281,0
60282,1
60283,6
60284,3
60285,0
60286,6
60287,6
60288,7
60289,5
60290,4
60291,5
60292,9
60293,5
60294,6
60295,5
60296,5
60297,1
60298,9
60299,8
60300,8
60301,3
60302,3
60303,6
60304,8
60305,0
60306,0
60307,2
60308,9
60309,7
60310,7
60311,1
60312,3
60313,6
60314,6
60315,2
60316,4
60317,7
60318,1
60319,6
60320,4
60321,8
60322,2
60323,6
60324,5
60325,6
60326,2
60327,7
60328,7
60329,7
60330,3
60331,3
60332,7
60333,6
60334,7
60335,1
60336,3
60337,7
60338,2
60339,2
60340,3
60341,4
60342,0
60343,3
60344,1
60345,6
60346,1
60347,9
60348,4
60349,9
60350,9
60351,1
60352,7
60353,8
60354,3
60355,6
60356,0
60357,2
60358,4
60359,8
60360,0
60361,1
60362,6
60363,2
60364,4
60365,4
60366,7
60367,3
60368,2
60369,2
60370,5
60371,0
60372,7
60373,9
60374,4
60375,0
60376,9
60377,3
60378,9
60379,3
60380,2
60381,5
60382,6
60383,0
60384,3
60385,5
60386,8
60387,1
60388,6
60389,2
60390,2
60391,6
60392,4
60393,9
60394,5
60395,2
60396,0
60397,6
60398,6
60399,1
60400,2
60401,0
60402,9
60403,7
60404,0
60405,3
60406,4
60407,6
60408,6
60409,2
60410,1
60411,0
60412,6
60413,7
60414,2
60415,9
60416,4
60417,2
60418,1
60419,5
60420,4
60421,5
60422,3
60423,8
60424,5
60425,8
60426,4
60427,4
60428,8
60429,9
60430,8
60431,6
60432,2
60433,4
60434,4
60435,2
60436,4
60437,1
60438,6
60439,1
60440,3
60441,0
60442,7
60443,8
60444,8
60445,4
60446,5
60447,3
60448,1
60449,9
60450,5
60451,3
60452,3
60453,6
60454,1
60455,2
60456,2
60457,9
60458,4
60459,0
60460,6
60461,3
60462,4
60463,2
60464,0
60465,0
60466,3
60467,3
60468,8
60469,2
60470,8
60471,9
60472,4
60473,0
60474,7
60475,0
60476,4
60477,6
60478,9
60479,2
60480,9
60481,5
60482,9
60483,3
60484,7
60485,5
60486,7
60487,8
60488,1
60489,0
60490,0
60491,3
60492,4
60493,8
60494,9
60495,7
60496,9
60497,1
60498,2
60499,7
60500,0
60501,2
60502,0
60503,5
60504,7
60505,1
60506,8
60507,2
60508,2
60509,2
60510,2
60511,2
60512,2
60513,6
60514,1
60515,9
60516,8
60517,5
60518,1
60519,9
60520,1
60521,2
60522,8
60523,3
60524,8
60525,9
60526,2
60527,4
60528,2
60529,8
60530,0
60531,2
60532,0
60533,5
60534,8
60535,8
60536,5
60537,3
60538,9
60539,4
60540,3
60541,4
60542,2
60543,5
60544,1
60545,0
60546,1
60547,2
60548,0
60549,2
60550,9
60551,6
60552,1
60553,5
60554,1
60555,1
60556,1
60557,9
60558,3
60559,4
60560,5
60561,3
60562,6
60563,6
60564,6
60565,4
60566,6
60567,0
60568,5
60569,8
60570,3
60571,3
60572,4
60573,0
60574,7
60575,7
60576,8
60577,9
60578,0
60579,3
60580,8
60581,7
60582,0
60583,7
60584,9
60585,3
60586,4
60587,0
60588,3
60589,5
60590,0
60591,1
60592,1
60593,5
60594,9
60595,4
60596,2
60597,5
60598,7
60599,8
60600,1
60601,2
60602,9
60603,7
60604,7
60605,1
60606,0
60607,9
60608,3
60609,2
60610,9
60611,0
60612,7
60613,6
60614,8
60615,2
60616,7
60617,0
60618,2
60619,3
60620,8
60621,2
60622,2
60623,6
60624,9
60625,3
60626,0
60627,7
60628,8
60629,6
60630,2
60631,9
60632,4
60633,2
60634,6
60635,6
60636,2
60637,0
60638,4
60639,4
60640,2
60641,7
60642,5
60643,8
60644,4
60645,9
60646,1
60647,0
60648,5
60649,4
60650,4
60651,4
60652,0
60653,0
60654,4
60655,5
60656,6
60657,0
60658,4
60659,5
60660,2
60661,1
60662,3
60663,1
60664,1
60665,6
60666,4
60667,3
60668,8
60669,2
60670,0
60671,6
60672,7
60673,0
60674,4
60675,3
60676,8
60677,5
60678,0
60679,8
60680,2
60681,9
60682,2
60683,8
60684,9
60685,6
60686,3
60687,2
60688,9
60689,6
60690,2
60691,5
60692,0
60693,9
60694,5
60695,3
60696,6
60697,6
60698,8
60699,3
60700,3
60701,8
60702,1
60703,4
60704,0
60705,9
60706,7
60707,9
60708,4
60709,8
60710,9
60711,1
60712,3
60713,7
60714,0
60715,0
60716,2
60717,4
60718,7
60719,1
60720,0
60721,0
60722,8
60723,5
60724,2
60725,2
60726,6
60727,6
60728,4
60729,1
60730,5
60731,9
60732,0
60733,0
60734,1
60735,6
60736,5
60737,0
60738,0
60739,3
60740,3
60741,3
60742,8
60743,1
60744,1
60745,8
60746,5
60747,7
60748,7
60749,8
60750,7
60751,2
60752,0
60753,7
60754,0
60755,8
60756,0
60757,9
60758,7
60759,6
60760,1
60761,0
60762,6
60763,2
60764,8
60765,0
60766,6
60767,3
60768,6
60769,8
60770,4
60771,0
60772,8
60773,9
60774,2
60775,4
60776,5
60777,9
60778,1
60779,4
60780,4
60781,9
60782,2
60783,1
60784,7
60785,9
60786,5
60787,8
60788,3
60789,7
60790,7
60791,1
60792,1
60793,1
60794,6
60795,9
60796,5
60797,3
60798,8
60799,4
60800,2
60801,9
60802,4
60803,8
60804,3
60805,2
60806,2
60807,4
60808,7
60809,1
60810,4
60811,9
60812,3
60813,5
60814,8
60815,5
60816,4
60817,7
60818,2
60819,8
60820,5
60821,9
60822,3
60823,3
60824,6
60825,7
60826,1
60827,7
60828,3
60829,5
60830,4
60831,4
60832,5
60833,8
60834,3
60835,7
60836,1
60837,2
60838,0
60839,1
60840,9
60841,8
60842,2
60843,7
60844,1
60845,3
60846,7
60847,5
60848,9
60849,9
60850,1
60851,8
60852,4
60853,5
60854,7
60855,1
60856,9
60857,8
60858,1
60859,0
60860,0
60861,2
60862,1
60863,7
60864,1
60865,1
60866,5
60867,7
60868,1
60869,5
60870,2
60871,2
60872,3
60873,3
60874,1
60875,1
60876,2
60877,9
60878,2
60879,3
60880,7
60881,7
60882,0
60883,8
60884,9
60885,9
60886,6
60887,1
60888,3
60889,4
60890,0
60891,3
60892,5
60893,9
60894,4
60895,0
60896,5
60897,5
60898,1
60899,5
60900,7
60901,8
60902,7
60903,5
60904,3
60905,6
60906,2
60907,0
60908,4
60909,0
60910,2
60911,0
60912,2
60913,5
60914,5
60915,1
60916,2
60917,0
60918,9
60919,3
60920,7
60921,8
60922,4
60923,8
60924,3
60925,4
60926,7
60927,0
60928,7
60929,4
60930,8
60931,8
60932,3
60933,4
60934,4
60935,3
60936,6
60937,9
60938,0
60939,2
60940,3
60941,9
60942,1
60943,8
60944,1
60945,7
60946,5
60947,5
60948,6
60949,0
60950,2
60951,1
60952,0
60953,5
60954,4
60955,0
60956,0
60957,2
60958,7
60959,5
60960,0
60961,2
60962,5
60963,9
60964,6
60965,8
60966,2
60967,6
60968,3
60969,6
60970,2
60971,9
60972,6
60973,7
60974,7
60975,1
60976,4
60977,2
60978,0
60979,5
60980,0
60981,9
60982,9
60983,8
60984,8
60985,3
60986,0
60987,2
60988,4
60989,6
60990,6
60991,3
60992,2
60993,3
60994,5
60995,2
60996,9
60997,3
60998,2
60999,7
61000,7
61001,6
61002,3
61003,5
61004,5
61005,2
61006,6
61007,5
61008,9
61009,6
61010,3
61011,7
61012,5
61013,1
61014,9
61015,8
61016,8
61017,9
61018,9
61019,2
61020,7
61021,2
61022,2
61023,3
61024,8
61025,7
61026,4
61027,4
61028,5
61029,2
61030,3
61031,6
61032,1
61033,4
61034,9
61035,3
61036,1
61037,6
61038,5
61039,0
61040,5
61041,7
61042,5
61043,2
61044,3
61045,3
61046,9
61047,6
61048,3
61049,6
61050,0
61051,4
61052,5
61053,0
61054,4
61055,9
61056,6
61057,0
61058,3
61059,4
61060,7
61061,0
61062,2
61063,1
61064,1
61065,3
61066,4
61067,6
61068,5
61069,9
61070,0
61071,1
61072,6
61073,5
61074,1
61075,4
61076,4
61077,8
61078,4
61079,7
61080,7
61081,3
61082,8
61083,1
61084,1
61085,9
61086,8
61087,1
61088,3
61089,3
61090,7
61091,5
61092,1
61093,5
61094,7
61095,8
61096,9
61097,6
61098,3
61099,5
61100,8
61101,4
61102,6
61103,3
61104,8
61105,6
61106,5
61107,5
61108,6
61109,7
61110,1
61111,5
61112,3
61113,5
61114,4
61115,8
61116,6
61117,2
61118,1
61119,1
61120,7
61121,9
61122,2
61123,2
61124,7
61125,0
61126,4
61127,8
61128,2
61129,2
61130,0
61131,6
61132,4
61133,4
61134,9
61135,6
61136,8
61137,4
61138,5
61139,9
61140,0
61141,3
61142,9
61143,6
61144,9
61145,8
61146,7
61147,4
61148,2
61149,2
61150,5
61151,3
61152,7
61153,0
61154,7
61155,2
61156,9
61157,3
61158,7
61159,0
61160,9
61161,3
61162,8
61163,4
61164,4
61165,7
61166,2
61167,4
61168,6
61169,2
61170,0
61171,7
61172,8
61173,4
61174,2
61175,4
61176,5
61177,5
61178,6
61179,4
61180,5
61181,5
61182,8
61183,1
61184,1
61185,7
61186,2
61187,0
61188,9
61189,0
61190,8
61191,7
61192,2
61193,2
61194,1
61195,6
61196,7
61197,7
61198,4
61199,9
61200,8
61201,5
61202,1
61203,1
61204,0
61205,2
61206,0
61207,9
61208,0
61209,1
61210,9
61211,3
61212,5
61213,5
61214,2
61215,0
61216,7
61217,0
61218,2
61219,3
61220,1
61221,3
61222,1
61223,3
61224,6
61225,7
61226,2
61227,4
61228,9
61229,5
61230,2
61231,9
61232,6
61233,3
61234,4
61235,2
61236,6
61237,6
61238,5
61239,2
61240,2
61241,5
61242,6
61243,1
61244,4
61245,2
61246,5
61247,4
61248,4
61249,8
61250,6
61251,2
61252,4
61253,0
61254,6
61255,3
61256,6
61257,8
61258,3
61259,8
61260,2
61261,0
61262,4
61263,4
61264,8
61265,8
61266,4
61267,5
61268,2
61269,2
61270,3
61271,0
61272,1
61273,9
61274,0
61275,9
61276,1
61277,9
61278,6
61279,5
61280,2
61281,4
61282,7
61283,3
61284,8
61285,5
61286,6
61287,8
61288,0
61289,7
61290,5
61291,5
61292,9
61293,5
61294,0
61295,0
61296,0
61297,3
61298,4
61299,4
61300,4
61301,5
61302,7
61303,1
61304,3
61305,4
61306,6
61307,6
61308,5
61309,1
61310,6
61311,7
61312,3
61313,2
61314,8
61315,8
61316,2
61317,8
61318,9
61319,4
61320,1
61321,6
61322,5
61323,2
61324,7
61325,8
61326,5
61327,6
61328,8
61329,5
61330,2
61331,2
61332,8
61333,9
61334,8
61335,4
61336,4
61337,6
61338,8
61339,8
61340,2
61341,0
61342,9
61343,4
61344,4
61345,8
61346,1
61347,3
61348,6
61349,1
61350,9
61351,2
61352,1
61353,4
61354,2
61355,7
61356,9
61357,6
61358,6
61359,0
61360,4
61361,4
61362,2
61363,4
61364,5
61365,0
61366,2
61367,8
61368,3
61369,7
61370,4
61371,4
61372,0
61373,0
61374,5
61375,2
61376,8
61377,4
61378,4
61379,3
61380,0
61381,2
61382,1
61383,7
61384,7
61385,5
61386,4
61387,7
61388,2
61389,4
61390,7
61391,3
61392,3
61393,1
61394,3
61395,3
61396,6
61397,0
61398,1
61399,7
61400,0
61401,4
61402,7
61403,1
61404,0
61405,6
61406,5
61407,8
61408,4
61409,6
61410,7
61411,9
61412,5
61413,0
61414,7
61415,9
61416,5
61417,1
61418,2
61419,9
61420,5
61421,5
61422,3
61423,9
61424,9
61425,1
61426,6
61427,7
61428,8
61429,0
61430,1
61431,7
61432,2
61433,7
61434,1
61435,1
61436,5
61437,5
61438,6
61439,4
61440,5
61441,9
61442,5
61443,5
61444,2
61445,3
61446,9
61447,3
61448,8
61449,5
61450,4
61451,0
61452,0
61453,0
61454,5
61455,7
61456,2
61457,5
61458,2
61459,0
61460,4
61461,4
61462,7
61463,6
61464,0
61465,5
61466,1
61467,7
61468,2
61469,3
61470,0
61471,8
61472,9
61473,8
61474,7
61475,1
61476,2
61477,3
61478,2
61479,9
61480,7
61481,5
61482,6
61483,1
61484,0
61485,7
61486,1
61487,2
61488,4
61489,9
61490,3
61491,6
61492,4
61493,4
61494,3
61495,0
61496,0
61497,2
61498,3
61499,6
61500,1
61501,3
61502,7
61503,6
61504,5
61505,3
61506,9
61507,1
61508,1
61509,8
61510,0
61511,9
61512,5
61513,0
61514,7
61515,4
61516,6
61517,7
61518,1
61519,1
61520,5
61521,3
61522,8
61523,7
61524,8
61525,3
61526,8
61527,9
61528,2
61529,2
61530,1
61531,1
61532,3
61533,5
61534,6
61535,7
61536,1
61537,9
61538,9
61539,2
61540,2
61541,7
61542,0
61543,1
61544,3
61545,9
61546,6
61547,3
61548,7
61549,2
61550,8
61551,1
61552,8
61553,0
61554,7
61555,9
61556,8
61557,5
61558,8
61559,2
61560,0
61561,4
61562,6
61563,6
61564,5
61565,8
61566,3
61567,8
61568,7
61569,5
61570,7
61571,3
61572,7
61573,6
61574,7
61575,0
61576,2
61577,2
61578,5
61579,3
61580,5
61581,1
61582,1
61583,7
61584,7
61585,6
61586,3
61587,6
61588,4
61589,2
61590,8
61591,6
61592,3
61593,1
61594,4
61595,9
61596,9
61597,4
61598,5
61599,2
61600,2
61601,7
61602,8
61603,0
61604,7
61605,9
61606,1
61607,2
61608,9
61609,4
61610,7
61611,3
61612,4
61613,3
61614,3
61615,1
61616,8
61617,8
61618,7
61619,3
61620,8
61621,0
61622,3
61623,4
61624,3
61625,6
61626,0
61627,2
61628,7
61629,3
61630,6
61631,8
61632,3
61633,7
61634,7
61635,3
61636,1
61637,7
61638,5
61639,8
61640,8
61641,2
61642,0
61643,0
61644,4
61645,4
61646,8
61647,5
61648,7
61649,0
61650,6
61651,0
61652,7
61653,7
61654,3
61655,9
61656,2
61657,5
61658,9
61659,7
61660,1
61661,7
61662,2
61663,4
61664,5
61665,1
61666,4
61667,5
61668,4
61669,5
61670,0
61671,4
61672,2
61673,1
61674,4
61675,4
61676,8
61677,4
61678,5
61679,9
61680,4
61681,1
61682,1
61683,5
61684,2
61685,3
61686,5
61687,6
61688,3
61689,9
61690,7
61691,5
61692,3
61693,8
61694,8
61695,8
61696,9
61697,1
61698,1
61699,6
61700,3
61701,1
61702,4
61703,3
61704,4
61705,9
61706,9
61707,0
61708,0
61709,6
61710,9
61711,4
61712,9
61713,6
61714,6
61715,1
61716,8
61717,9
61718,2
61719,9
61720,4
61721,8
61722,0
61723,7
61724,2
61725,3
61726,6
61727,2
61728,5
61729,6
61730,1
61731,9
61732,0
61733,2
61734,2
61735,9
61736,9
61737,0
61738,8
61739,3
61740,6
61741,6
61742,6
61743,0
61744,4
61745,2
61746,6
61747,6
61748,5
61749,0
61750,2
61751,7
61752,8
61753,7
61754,4
61755,3
61756,6
61757,6
61758,5
61759,2
61760,4
61761,2
61762,9
61763,5
61764,2
61765,6
61766,7
61767,0
61768,1
61769,9
61770,5
61771,5
61772,0
61773,7
61774,7
61775,5
61776,0
61777,5
61778,0
61779,8
61780,4
61781,7
61782,9
61783,8
61784,2
61785,4
61786,7
61787,3
61788,3
61789,7
61790,7
61791,7
61792,8
61793,4
61794,9
61795,5
61796,7
61797,6
61798,5
61799,7
61800,5
61801,1
61802,3
61803,0
61804,4
61805,9
61806,9
61807,8
61808,3
61809,7
61810,0
61811,3
61812,4
61813,9
61814,3
61815,3
61816,1
61817,7
61818,9
61819,1
61820,5
61821,7
61822,2
61823,7
61824,6
61825,5
61826,5
61827,3
61828,7
61829,5
61830,5
61831,4
61832,0
61833,7
61834,3
61835,3
61836,2
61837,6
61838,2
61839,9
61840,9
61841,0
61842,3
61843,0
61844,8
61845,3
61846,8
61847,8
61848,4
61849,4
61850,1
61851,8
61852,2
61853,3
61854,5
61855,0
61856,4
61857,4
61858,3
61859,0
61860,0
61861,1
61862,0
61863,8
61864,4
61865,9
61866,0
61867,7
61868,0
61869,7
61870,7
61871,1
61872,5
61873,8
61874,7
61875,2
61876,9
61877,9
61878,1
61879,2
61880,4
61881,1
61882,1
61883,1
61884,8
61885,8
61886,1
61887,3
61888,7
61889,5
61890,2
61891,0
61892,8
61893,4
61894,8
61895,9
61896,4
61897,1
61898,3
61899,1
61900,9
61901,8
61902,1
61903,1
61904,1
61905,8
61906,0
61907,9
61908,9
61909,7
61910,6
61911,0
61912,4
61913,2
61914,1
61915,1
61916,7
61917,9
61918,6
61919,2
61920,0
61921,3
61922,6
61923,6
61924,8
61925,1
61926,7
61927,2
61928,4
61929,2
61930,2
61931,3
61932,8
61933,7
61934,1
61935,8
61936,5
61937,5
61938,7
61939,7
61940,6
61941,6
61942,2
61943,7
61944,0
61945,6
61946,0
61947,5
61948,5
61949,0
61950,2
61951,1
61952,0
61953,3
61954,5
61955,7
61956,1
61957,7
61958,2
61959,5
61960,7
61961,9
61962,8
61963,9
61964,1
61965,2
61966,8
61967,3
61968,2
61969,0
61970,0
61971,0
61972,8
61973,3
61974,8
61975,6
61976,8
61977,6
61978,0
61979,8
61980,8
61981,2
61982,2
61983,9
61984,3
61985,2
61986,0
61987,8
61988,5
61989,7
61990,0
61991,1
61992,1
61993,1
61994,9
61995,5
61996,1
61997,3
61998,3
61999,6
62000,0
62001,8
62002,4
62003,1
62004,3
62005,8
62006,8
62007,0
62008,7
62009,5
62010,6
62011,6
62012,7
62013,3
62014,3
62015,2
62016,4
62017,2
62018,5
62019,5
62020,4
62021,2
62022,3
62023,9
62024,1
62025,1
62026,7
62027,3
62028,8
62029,7
62030,2
62031,2
62032,9
62033,3
62034,9
62035,9
62036,0
62037,1
62038,7
62039,1
62040,2
62041,8
62042,1
62043,4
62044,9
62045,3
62046,4
62047,0
62048,0
62049,7
62050,6
62051,9
62052,9
62053,5
62054,5
62055,7
62056,0
62057,9
62058,3
62059,3
62060,6
62061,9
62062,8
62063,4
62064,2
62065,2
62066,3
62067,9
62068,4
62069,3
62070,6
62071,7
62072,4
62073,0
62074,3
62075,8
62076,1
62077,8
62078,7
62079,4
62080,4
62081,5
62082,2
62083,2
62084,9
62085,1
62086,9
62087,4
62088,9
62089,1
62090,6
62091,2
62092,8
62093,8
62094,7
62095,7
62096,7
62097,7
62098,2
62099,6
62100,0
62101,7
62102,5
62103,8
62104,5
62105,0
62106,0
62107,2
62108,4
62109,9
62110,2
62111,4
62112,1
62113,1
62114,9
62115,3
62116,1
62117,2
62118,2
62119,2
62120,3
62121,7
62122,5
62123,7
62124,4
62125,4
62126,4
62127,1
62128,2
62129,3
62130,5
62131,4
62132,2
62133,9
62134,1
62135,5
62136,9
62137,3
62138,6
62139,6
62140,4
62141,0
62142,1
62143,7
62144,7
62145,6
62146,6
62147,7
62148,7
62149,3
62150,0
62151,4
62152,3
62153,2
62154,7
62155,8
62156,7
62157,2
62158,8
62159,0
62160,8
62161,7
62162,4
62163,4
62164,2
62165,7
62166,0
62167,9
62168,9
62169,3
62170,1
62171,5
62172,9
62173,3
62174,1
62175,0
62176,3
62177,3
62178,5
62179,9
62180,7
62181,9
62182,8
62183,3
62184,5
62185,9
62186,3
62187,7
62188,9
62189,3
62190,2
62191,6
62192,0
62193,5
62194,7
62195,7
62196,2
62197,3
62198,5
62199,3
62200,1
62201,1
62202,9
62203,2
62204,3
62205,9
62206,5
62207,5
62208,7
62209,2
62210,4
62211,9
62212,0
62213,2
62214,1
62215,9
62216,7
62217,1
62218,5
62219,0
62220,9
62221,5
62222,0
62223,3
62224,5
62225,0
62226,3
62227,3
62228,7
62229,4
62230,2
62231,6
62232,8
62233,5
62234,9
62235,2
62236,1
62237,3
62238,5
62239,5
62240,8
62241,5
62242,3
62243,7
62244,4
62245,4
62246,3
62247,9
62248,0
62249,0
62250,0
62251,9
62252,1
62253,2
62254,3
62255,1
62256,5
62257,1
62258,8
62259,5
62260,1
62261,1
62262,2
62263,9
62264,4
62265,0
62266,5
62267,2
62268,8
62269,0
62270,2
62271,9
62272,8
62273,2
62274,4
62275,8
62276,3
62277,8
62278,0
62279,4
62280,0
62281,0
62282,4
62283,8
62284,5
62285,4
62286,9
62287,0
62288,9
62289,5
62290,8
62291,0
62292,9
62293,1
62294,2
62295,7
62296,2
62297,1
62298,6
62299,6
62300,0
62301,6
62302,5
62303,0
62304,4
62305,8
62306,5
62307,5
62308,2
62309,0
62310,3
62311,8
62312,3
62313,0
62314,1
62315,9
62316,2
62317,7
62318,7
62319,2
62320,0
62321,2
62322,8
62323,3
62324,4
62325,8
62326,5
62327,2
62328,8
62329,3
62330,3
62331,1
62332,4
62333,2
62334,0
62335,4
62336,9
62337,0
62338,4
62339,1
62340,9
62341,9
62342,8
62343,1
62344,8
62345,8
62346,3
62347,3
62348,3
62349,8
62350,5
62351,9
62352,2
62353,2
62354,8
62355,7
62356,0
62357,3
62358,0
62359,0
62360,2
62361,5
62362,7
62363,5
62364,0
62365,7
62366,9
62367,1
62368,6
62369,4
62370,8
62371,9
62372,3
62373,5
62374,2
62375,0
62376,4
62377,4
62378,7
62379,8
62380,9
62381,1
62382,8
62383,4
62384,5
62385,5
62386,3
62387,1
62388,1
62389,8
62390,8
62391,3
62392,0
62393,7
62394,0
62395,1
62396,8
62397,6
62398,0
62399,4
62400,9
62401,8
62402,5
62403,8
62404,8
62405,6
62406,9
62407,1
62408,8
62409,4
62410,2
62411,7
62412,7
62413,0
62414,5
62415,1
62416,1
62417,0
62418,6
62419,4
62420,3
62421,0
62422,4
62423,3
62424,5
62425,1
62426,2
62427,3
62428,3
62429,4
62430,4
62431,5
62432,0
62433,9
62434,8
62435,3
62436,4
62437,1
62438,0
62439,2
62440,1
62441,4
62442,4
62443,2
62444,8
62445,4
62446,9
62447,0
62448,9
62449,9
62450,5
62451,0
62452,0
62453,0
62454,5
62455,0
62456,3
62457,9
62458,8
62459,3
62460,6
62461,1
62462,9
62463,4
62464,1
62465,0
62466,4
62467,5
62468,4
62469,1
62470,2
62471,8
62472,5
62473,9
62474,4
62475,5
62476,3
62477,2
62478,8
62479,1
62480,0
62481,6
62482,8
62483,9
62484,0
62485,5
62486,0
62487,2
62488,2
62489,9
62490,3
62491,2
62492,2
62493,8
62494,5
62495,9
62496,2
62497,3
62498,1
62499,6
62500,3
62501,2
62502,2
62503,7
62504,2
62505,1
62506,2
62507,6
62508,4
62509,0
62510,2
62511,8
62512,5
62513,0
62514,8
62515,5
62516,2
62517,7
62518,8
62519,1
62520,5
62521,9
62522,8
62523,0
62524,9
62525,0
62526,9
62527,3
62528,9
62529,5
62530,7
62531,9
62532,6
62533,0
62534,7
62535,1
62536,5
62537,5
62538,9
62539,5
62540,4
62541,4
62542,2
62543,4
62544,5
62545,9
62546,7
62547,4
62548,2
62549,6
62550,9
62551,9
62552,4
62553,2
62554,1
62555,3
62556,7
62557,1
62558,8
62559,7
62560,9
62561,1
62562,8
62563,9
62564,3
62565,7
62566,7
62567,7
62568,1
62569,7
62570,4
62571,4
62572,6
62573,2
62574,4
62575,5
62576,2
62577,8
62578,9
62579,0
62580,8
62581,0
62582,0
62583,7
62584,7
62585,5
62586,0
62587,1
62588,9
62589,6
62590,0
62591,4
62592,9
62593,2
62594,2
62595,6
62596,7
62597,1
62598,0
62599,5
62600,8
62601,7
62602,2
62603,8
62604,2
62605,3
62606,6
62607,1
62608,7
62609,4
62610,8
62611,7
62612,4
62613,1
62614,7
62615,8
62616,0
62617,4
62618,4
62619,4
62620,4
62621,1
62622,8
62623,6
62624,7
62625,2
62626,9
62627,4
62628,5
62629,0
62630,3
62631,3
62632,8
62633,8
62634,2
62635,0
62636,7
62637,2
62638,4
62639,0
62640,3
62641,1
62642,0
62643,8
62644,1
62645,7
62646,7
62647,2
62648,6
62649,3
62650,1
62651,2
62652,7
62653,0
62654,6
62655,0
62656,6
62657,2
62658,7
62659,2
62660,8
62661,3
62662,2
62663,3
62664,0
62665,9
62666,7
62667,3
62668,5
62669,4
62670,9
62671,2
62672,4
62673,5
62674,0
62675,6
62676,8
62677,4
62678,0
62679,4
62680,4
62681,0
62682,6
62683,1
62684,6
62685,2
62686,3
62687,7
62688,1
62689,3
62690,6
62691,4
62692,1
62693,1
62694,5
62695,6
62696,3
62697,8
62698,3
62699,3
62700,1
62701,7
62702,2
62703,9
62704,8
62705,8
62706,4
62707,5
62708,5
62709,6
62710,7
62711,3
62712,9
62713,1
62714,0
62715,5
62716,3
62717,7
62718,2
62719,1
62720,1
62721,8
62722,0
62723,2
62724,0
62725,5
62726,9
62727,6
62728,3
62729,8
62730,1
62731,0
62732,4
62733,6
62734,2
62735,4
62736,8
62737,3
62738,4
62739,2
62740,1
62741,9
62742,6
62743,7
62744,9
62745,5
62746,7
62747,2
62748,1
62749,5
62750,8
62751,8
62752,2
62753,6
62754,4
62755,6
62756,3
62757,1
62758,6
62759,4
62760,0
62761,3
62762,9
62763,8
62764,4
62765,0
62766,8
62767,4
62768,3
62769,9
62770,7
62771,1
62772,1
62773,9
62774,5
62775,1
62776,9
62777,2
62778,4
62779,2
62780,3
62781,8
62782,6
62783,7
62784,1
62785,3
62786,0
62787,7
62788,3
62789,5
62790,8
62791,1
62792,4
62793,2
62794,3
62795,2
62796,8
62797,8
62798,8
62799,4
62800,8
62801,1
62802,8
62803,9
62804,3
62805,0
62806,6
62807,0
62808,2
62809,9
62810,7
62811,3
62812,7
62813,0
62814,1
62815,3
62816,5
62817,9
62818,4
62819,0
62820,5
62821,0
62822,5
62823,8
62824,7
62825,4
62826,6
62827,2
62828,8
62829,0
62830,0
62831,9
62832,3
62833,0
62834,5
62835,8
62836,1
62837,1
62838,2
62839,6
62840,0
62841,0
62842,8
62843,4
62844,2
62845,3
62846,3
62847,9
62848,5
62849,4
62850,3
62851,3
62852,1
62853,8
62854,1
62855,5
62856,2
62857,0
62858,0
62859,7
62860,9
62861,3
62862,2
62863,7
62864,1
62865,7
62866,4
62867,1
62868,6
62869,2
62870,6
62871,2
62872,7
62873,0
62874,4
62875,9
62876,3
62877,2
62878,5
62879,0
62880,8
62881,6
62882,2
62883,6
62884,7
62885,4
62886,2
62887,1
62888,1
62889,0
62890,3
62891,5
62892,5
62893,2
62894,6
62895,4
62896,1
62897,8
62898,0
62899,4
62900,4
62901,3
62902,4
62903,2
62904,9
62905,2
62906,0
62907,9
62908,6
62909,2
62910,6
62911,6
62912,4
62913,5
62914,4
62915,9
62916,8
62917,1
62918,6
62919,4
62920,6
62921,2
62922,9
62923,4
62924,3
62925,5
62926,1
62927,2
62928,6
62929,0
62930,1
62931,1
62932,0
62933,2
62934,6
62935,9
62936,9
62937,0
62938,1
62939,2
62940,4
62941,0
62942,7
62943,2
62944,1
62945,1
62946,7
62947,7
62948,8
62949,7
62950,6
62951,5
62952,3
62953,7
62954,2
62955,0
62956,9
62957,2
62958,1
62959,6
62960,2
62961,2
62962,5
62963,8
62964,5
62965,2
62966,9
62967,8
62968,2
62969,0
62970,9
62971,0
62972,8
62973,1
62974,3
62975,8
62976,2
62977,8
62978,2
62979,0
62980,0
62981,3
62982,8
62983,7
62984,8
62985,2
62986,2
62987,6
62988,6
62989,0
62990,4
62991,5
62992,4
62993,4
62994,1
62995,1
62996,9
62997,7
62998,0
62999,6
63000,2
63001,1
63002,4
63003,2
63004,7
63005,7
63006,1
63007,8
63008,3
63009,3
63010,7
63011,9
63012,8
63013,7
63014,2
63015,7
63016,9
63017,7
63018,2
63019,2
63020,2
63021,6
63022,3
63023,3
63024,9
63025,1
63026,1
63027,4
63028,8
63029,0
63030,9
63031,7
63032,5
63033,2
63034,8
63035,8
63036,3
63037,6
63038,3
63039,8
63040,8
63041,2
63042,2
63043,5
63044,9
63045,2
63046,1
63047,8
63048,3
63049,2
63050,8
63051,3
63052,3
63053,1
63054,1
63055,3
63056,0
63057,1
63058,8
63059,2
63060,1
63061,5
63062,8
63063,1
63064,5
63065,8
63066,0
63067,7
63068,8
63069,7
63070,5
63071,9
63072,5
63073,5
63074,3
63075,6
63076,7
63077,8
63078,4
63079,5
63080,1
63081,6
63082,4
63083,2
63084,4
63085,3
63086,7
63087,7
63088,7
63089,7
63090,2
63091,5
63092,8
63093,5
63094,8
63095,5
63096,3
63097,0
63098,9
63099,7
63100,2
63101,0
63102,6
63103,8
63104,4
63105,0
63106,7
63107,4
63108,7
63109,6
63110,8
63111,4
63112,7
63113,0
63114,0
63115,4
63116,0
63117,4
63118,7
63119,8
63120,1
63121,3
63122,8
63123,1
63124,7
63125,3
63126,6
63127,1
63128,1
63129,6
63130,6
63131,9
63132,8
63133,2
63134,8
63135,2
63136,7
63137,7
63138,1
63139,3
63140,0
63141,3
63142,0
63143,7
63144,8
63145,7
63146,6
63147,5
63148,2
63149,6
63150,7
63151,5
63152,5
63153,8
63154,9
63155,7
63156,3
63157,2
63158,4
63159,8
63160,3
63161,9
63162,5
63163,7
63164,6
63165,4
63166,2
63167,7
63168,3
63169,8
63170,5
63171,1
63172,8
63173,9
63174,2
63175,2
63176,1
63177,2
63178,2
63179,7
63180,4
63181,0
63182,4
63183,4
63184,8
63185,9
63186,7
63187,9
63188,2
63189,2
63190,8
63191,2
63192,6
63193,0
63194,6
63195,3
63196,4
63197,1
63198,5
63199,2
63200,7
63201,5
63202,0
63203,7
63204,6
63205,2
63206,0
63207,5
63208,1
63209,1
63210,0
63211,7
63212,3
63213,8
63214,8
63215,7
63216,5
63217,9
63218,9
63219,5
63220,5
63221,3
63222,0
63223,7
63224,1
63225,2
63226,6
63227,0
63228,9
63229,9
63230,3
63231,6
63232,8
63233,0
63234,5
63235,7
63236,8
63237,8
63238,2
63239,7
63240,6
63241,6
63242,4
63243,8
63244,1
63245,0
63246,4
63247,8
63248,0
63249,7
63250,5
63251,8
63252,7
63253,7
63254,5
63255,5
63256,0
63257,7
63258,4
63259,2
63260,2
63261,0
63262,3
63263,4
63264,2
63265,0
63266,3
63267,9
63268,4
63269,5
63270,2
63271,4
63272,1
63273,2
63274,5
63275,7
63276,0
63277,5
63278,0
63279,2
63280,5
63281,0
63282,3
63283,8
63284,0
63285,6
63286,7
63287,2
63288,7
63289,2
63290,3
63291,2
63292,7
63293,1
63294,2
63295,3
63296,4
63297,2
63298,4
63299,3
63300,9
63301,9
63302,2
63303,8
63304,0
63305,4
63306,0
63307,0
63308,1
63309,9
63310,3
63311,9
63312,0
63313,8
63314,2
63315,9
63316,4
63317,7
63318,9
63319,1
63320,5
63321,8
63322,1
63323,0
63324,0
63325,2
63326,4
63327,8
63328,0
63329,3
63330,3
63331,0
63332,0
63333,0
63334,3
63335,3
63336,1
63337,6
63338,8
63339,4
63340,7
63341,3
63342,0
63343,0
63344,5
63345,8
63346,8
63347,8
63348,6
63349,1
63350,0
63351,8
63352,9
63353,8
63354,5
63355,8
63356,7
63357,0
63358,7
63359,2
63360,7
63361,1
63362,5
63363,5
63364,8
63365,3
63366,4
63367,8
63368,5
63369,9
63370,9
63371,4
63372,0
63373,6
63374,7
63375,1
63376,8
63377,8
63378,8
63379,7
63380,2
63381,0
63382,9
63383,7
63384,9
63385,6
63386,9
63387,2
63388,1
63389,4
63390,7
63391,2
63392,5
63393,2
63394,6
63395,2
63396,9
63397,0
63398,7
63399,1
63400,9
63401,7
63402,2
63403,5
63404,3
63405,8
63406,4
63407,9
63408,3
63409,9
63410,5
63411,7
63412,5
63413,1
63414,3
63415,3
63416,6
63417,0
63418,7
63419,5
63420,3
63421,5
63422,5
63423,8
63424,7
63425,7
63426,4
63427,6
63428,5
63429,5
63430,0
63431,4
63432,8
63433,3
63434,0
63435,9
63436,2
63437,3
63438,2
63439,2
63440,7
63441,4
63442,0
63443,7
63444,1
63445,4
63446,8
63447,1
63448,4
63449,7
63450,8
63451,2
63452,6
63453,7
63454,2
63455,0
63456,2
63457,2
63458,3
63459,2
63460,3
63461,0
63462,5
63463,2
63464,3
63465,2
63466,8
63467,5
63468,0
63469,8
63470,4
63471,6
63472,4
63473,8
63474,3
63475,5
63476,1
63477,6
63478,9
63479,1
63480,4
63481,9
63482,0
63483,7
63484,4
63485,0
63486,0
63487,2
63488,5
63489,0
63490,3
63491,5
63492,2
63493,5
63494,1
63495,7
63496,9
63497,4
63498,6
63499,7
63500,4
63501,0
63502,2
63503,8
63504,1
63505,0
63506,9
63507,9
63508,7
63509,8
63510,4
63511,6
63512,9
63513,7
63514,7
63515,5
63516,8
63517,8
63518,7
63519,5
63520,3
63521,5
63522,5
63523,0
63524,8
63525,9
63526,7
63527,2
63528,1
63529,4
63530,7
63531,1
63532,3
63533,6
63534,3
63535,2
63536,2
63537,9
63538,4
63539,7
63540,7
63541,6
63542,5
63543,0
63544,8
63545,8
63546,6
63547,8
63548,5
63549,6
63550,0
63551,7
63552,3
63553,0
63554,0
63555,4
63556,5
63557,2
63558,0
63559,7
63560,7
63561,7
63562,1
63563,5
63564,2
63565,1
63566,8
63567,5
63568,2
63569,2
63570,8
63571,7
63572,7
63573,6
63574,7
63575,1
63576,0
63577,9
63578,5
63579,3
63580,9
63581,3
63582,5
63583,0
63584,7
63585,4
63586,6
63587,0
63588,1
63589,2
63590,5
63591,9
63592,3
63593,2
63594,8
63595,5
63596,7
63597,3
63598,1
63599,2
63600,0
63601,8
63602,1
63603,8
63604,5
63605,6
63606,9
63607,3
63608,3
63609,8
63610,6
63611,4
63612,2
63613,0
63614,0
63615,4
63616,2
63617,3
63618,4
63619,5
63620,9
63621,1
63622,1
63623,9
63624,4
63625,7
63626,0
63627,3
63628,1
63629,0
63630,0
63631,7
63632,7
63633,0
63634,7
63635,8
63636,0
63637,5
63638,6
63639,4
63640,3
63641,8
63642,9
63643,7
63644,2
63645,9
63646,5
63647,3
63648,7
63649,2
63650,4
63651,1
63652,9
63653,7
63654,8
63655,1
63656,3
63657,9
63658,3
63659,4
63660,7
63661,8
63662,6
63663,5
63664,6
63665,7
63666,9
63667,9
63668,7
63669,0
63670,4
63671,2
63672,3
63673,4
63674,0
63675,7
63676,5
63677,3
63678,9
63679,2
63680,8
63681,8
63682,0
63683,0
63684,4
63685,1
63686,9
63687,3
63688,3
63689,5
63690,1
63691,5
63692,5
63693,9
63694,2
63695,8
63696,5
63697,5
63698,9
63699,5
63700,4
63701,6
63702,7
63703,3
63704,5
63705,4
63706,2
63707,0
63708,9
63709,2
63710,8
63711,1
63712,9
63713,2
63714,6
63715,2
63716,4
63717,8
63718,8
63719,7
63720,7
63721,3
63722,9
63723,3
63724,9
63725,6
63726,8
63727,2
63728,6
63729,9
63730,0
63731,4
63732,2
63733,5
63734,7
63735,0
63736,4
63737,6
63738,4
63739,1
63740,3
63741,1
63742,8
63743,7
63744,8
63745,8
63746,7
63747,7
63748,0
63749,5
63750,7
63751,3
63752,6
63753,0
63754,4
63755,0
63756,3
63757,6
63758,8
63759,8
63760,8
63761,0
63762,2
63763,3
63764,2
63765,8
63766,8
63767,1
63768,2
63769,1
63770,1
63771,6
63772,3
63773,2
63774,2
63775,8
63776,0
63777,0
63778,4
63779,1
63780,3
63781,2
63782,7
63783,0
63784,6
63785,7
63786,9
63787,9
63788,2
63789,7
63790,0
63791,9
63792,9
63793,8
63794,4
63795,8
63796,3
63797,4
63798,0
63799,9
63800,6
63801,2
63802,4
63803,3
63804,8
63805,3
63806,3
63807,6
63808,9
63809,6
63810,2
63811,7
63812,3
63813,7
63814,8
63815,8
63816,2
63817,4
63818,8
63819,8
63820,0
63821,1
63822,5
63823,8
63824,9
63825,8
63826,7
63827,1
63828,0
63829,3
63830,3
63831,3
63832,0
63833,9
63834,3
63835,9
63836,9
63837,1
63838,5
63839,9
63840,3
63841,1
63842,7
63843,0
63844,1
63845,0
63846,5
63847,3
63848,8
63849,8
63850,4
63851,1
63852,7
63853,0
63854,5
63855,0
63856,4
63857,1
63858,7
63859,1
63860,7
63861,9
63862,4
63863,3
63864,9
63865,2
63866,2
63867,5
63868,3
63869,5
63870,8
63871,8
63872,4
63873,4
63874,7
63875,7
63876,2
63877,6
63878,0
63879,5
63880,5
63881,3
63882,6
63883,2
63884,5
63885,6
63886,8
63887,5
63888,6
63889,9
63890,1
63891,3
63892,1
63893,4
63894,5
63895,9
63896,0
63897,9
63898,0
63899,3
63900,5
63901,6
63902,1
63903,5
63904,8
63905,5
63906,6
63907,0
63908,9
63909,1
63910,9
63911,1
63912,7
63913,1
63914,8
63915,0
63916,3
63917,4
63918,0
63919,6
63920,8
63921,3
63922,3
63923,8
63924,8
63925,0
63926,3
63927,6
63928,8
63929,1
63930,1
63931,3
63932,3
63933,2
63934,2
63935,1
63936,8
63937,3
63938,2
63939,2
63940,2
63941,4
63942,2
63943,3
63944,9
63945,2
63946,3
63947,3
63948,4
63949,5
63950,7
63951,1
63952,6
63953,1
63954,2
63955,0
63956,0
63957,8
63958,5
63959,1
63960,6
63961,5
63962,2
63963,8
63964,1
63965,7
63966,1
63967,6
63968,4
63969,9
63970,4
63971,2
63972,1
63973,5
63974,3
63975,3
63976,5
63977,8
63978,7
63979,7
63980,7
63981,2
63982,7
63983,5
63984,4
63985,2
63986,2
63987,0
63988,2
63989,8
63990,9
63991,9
63992,5
63993,8
63994,0
63995,4
63996,4
63997,1
63998,3
63999,7
64000,9
64001,0
64002,0
64003,9
64004,8
64005,5
64006,3
64007,0
64008,7
64009,1
64010,9
64011,7
64012,8
64013,2
64014,0
64015,9
64016,9
64017,1
64018,2
64019,0
64020,0
64021,2
64022,2
64023,5
64024,1
64025,0
64026,2
64027,8
64028,3
64029,2
64030,8
64031,3
64032,2
64033,0
64034,0
64035,3
64036,6
64037,7
64038,4
64039,4
64040,1
64041,7
64042,3
64043,0
64044,7
64045,9
64046,9
64047,1
64048,5
64049,5
64050,9
64051,1
64052,4
64053,6
64054,1
64055,2
64056,8
64057,3
64058,5
64059,7
64060,8
64061,0
64062,4
64063,2
64064,7
64065,2
64066,9
64067,5
64068,6
64069,8
64070,7
64071,8
64072,8
64073,4
64074,9
64075,2
64076,5
64077,5
64078,9
64079,9
64080,4
64081,4
64082,2
64083,0
64084,6
64085,0
64086,8
64087,7
64088,6
64089,6
64090,7
64091,5
64092,2
64093,9
64094,0
64095,3
64096,4
64097,4
64098,8
64099,4
64100,0
64101,2
64102,9
64103,0
64104,5
64105,2
64106,6
64107,4
64108,8
64109,0
64110,0
64111,2
64112,0
64113,2
64114,5
64115,5
64116,8
64117,0
64118,7
64119,0
64120,8
64121,9
64122,0
64123,2
64124,1
64125,2
64126,5
64127,1
64128,0
64129,2
64130,9
64131,6
64132,4
64133,9
64134,9
64135,1
64136,4
64137,3
64138,1
64139,6
64140,8
64141,0
64142,3
64143,3
64144,2
64145,2
64146,0
64147,2
64148,3
64149,6
64150,5
64151,2
64152,3
64153,6
64154,0
64155,8
64156,5
64157,4
64158,0
64159,1
64160,0
64161,2
64162,2
64163,6
64164,7
64165,9
64166,6
64167,2
64168,3
64169,3
64170,6
64171,8
64172,5
64173,4
64174,4
64175,0
64176,3
64177,3
64178,5
64179,2
64180,5
64181,1
64182,5
64183,5
64184,1
64185,7
64186,5
64187,2
64188,1
64189,8
64190,8
64191,0
64192,9
64193,0
64194,6
64195,0
64196,3
64197,2
64198,1
64199,8
64200,3
64201,4
64202,2
64203,1
64204,2
64205,0
64206,3
64207,0
64208,8
64209,5
64210,1
64211,5
64212,0
64213,2
64214,0
64215,3
64216,9
64217,8
64218,4
64219,8
64220,1
64221,0
64222,2
64223,6
64224,2
64225,6
64226,3
64227,7
64228,5
64229,0
64230,6
64231,2
64232,0
64233,8
64234,2
64235,2
64236,1
64237,8
64238,6
64239,8
64240,2
64241,9
64242,2
64243,6
64244,8
64245,5
64246,2
64247,7
64248,3
64249,2
64250,2
64251,0
64252,6
64253,6
64254,8
64255,5
64256,2
64257,1
64258,5
64259,2
64260,8
64261,2
64262,9
64263,0
64264,6
64265,3
64266,6
64267,4
64268,2
64269,7
64270,7
64271,9
64272,0
64273,2
64274,9
64275,8
64276,0
64277,5
64278,8
64279,7
64280,7
64281,0
64282,7
64283,7
64284,0
64285,7
64286,7
64287,2
64288,9
64289,7
64290,2
64291,2
64292,2
64293,3
64294,8
64295,0
64296,1
64297,9
64298,8
64299,0
64300,2
64301,6
64302,8
64303,3
64304,8
64305,0
64306,7
64307,6
64308,3
64309,3
64310,8
64311,1
64312,3
64313,8
64314,7
64315,3
64316,0
64317,3
64318,4
64319,8
64320,8
64321,9
64322,1
64323,3
64324,2
64325,1
64326,4
64327,8
64328,0
64329,4
64330,2
64331,7
64332,3
64333,9
64334,2
64335,9
64336,0
64337,4
64338,6
64339,5
64340,7
64341,0
64342,8
64343,1
64344,7
64345,5
64346,4
64347,9
64348,5
64349,7
64350,3
64351,2
64352,0
64353,9
64354,8
64355,7
64356,3
64357,7
64358,7
64359,4
64360,7
64361,5
64362,8
64363,5
64364,2
64365,4
64366,6
64367,2
64368,3
64369,8
64370,9
64371,7
64372,1
64373,3
64374,4
64375,2
64376,9
64377,7
64378,1
64379,2
64380,2
64381,6
64382,0
64383,5
64384,5
64385,4
64386,5
64387,2
64388,8
64389,9
64390,4
64391,9
64392,9
64393,1
64394,4
64395,3
64396,1
64397,5
64398,5
64399,5
64400,6
64401,8
64402,1
64403,5
64404,5
64405,9
64406,5
64407,9
64408,8
64409,3
64410,1
64411,1
64412,2
64413,6
64414,6
64415,9
64416,3
64417,6
64418,4
64419,4
64420,8
64421,2
64422,5
64423,4
64424,9
64425,0
64426,2
64427,8
64428,4
64429,8
64430,6
64431,3
64432,6
64433,1
64434,4
64435,3
64436,3
64437,8
64438,4
64439,9
64440,9
64441,0
64442,7
64443,9
64444,5
64445,3
64446,1
64447,7
64448,2
64449,8
64450,4
64451,9
64452,0
64453,1
64454,6
64455,0
64456,5
64457,8
64458,1
64459,9
64460,3
64461,0
64462,8
64463,1
64464,8
64465,4
64466,2
64467,5
64468,6
64469,9
64470,0
64471,1
64472,2
64473,0
64474,7
64475,9
64476,0
64477,1
64478,3
64479,9
64480,5
64481,1
64482,2
64483,1
64484,1
64485,4
64486,8
64487,3
64488,9
64489,5
64490,4
64491,4
64492,3
64493,7
64494,7
64495,7
64496,2
64497,3
64498,9
64499,1
64500,9
64501,4
64502,4
64503,0
64504,7
64505,6
64506,0
64507,7
64508,9
64509,0
64510,6
64511,4
64512,9
64513,0
64514,4
64515,0
64516,2
64517,7
64518,9
64519,6
64520,1
64521,1
64522,2
64523,0
64524,8
64525,8
64526,7
64527,4
64528,2
64529,7
64530,5
64531,7
64532,6
64533,1
64534,8
64535,1
64536,4
64537,9
64538,8
64539,9
64540,6
64541,1
64542,0
64543,0
64544,0
64545,3
64546,0
64547,6
64548,4
64549,1
64550,9
64551,7
64552,1
64553,2
64554,2
64555,5
64556,3
64557,4
64558,1
64559,7
64560,4
64561,7
64562,0
64563,2
64564,8
64565,8
64566,1
64567,3
64568,9
64569,7
64570,3
64571,3
64572,4
64573,9
64574,3
64575,9
64576,8
64577,5
64578,3
64579,8
64580,4
64581,7
64582,1
64583,4
64584,1
64585,9
64586,4
64587,8
64588,3
64589,2
64590,4
64591,8
64592,1
64593,1
64594,5
64595,8
64596,6
64597,1
64598,6
64599,2
64600,9
64601,0
64602,9
64603,5
64604,3
64605,5
64606,0
64607,6
64608,5
64609,3
64610,8
64611,3
64612,8
64613,0
64614,2
64615,9
64616,9
64617,1
64618,5
64619,3
64620,2
64621,6
64622,5
64623,3
64624,0
64625,3
64626,0
64627,7
64628,4
64629,0
64630,2
64631,1
64632,9
64633,5
64634,1
64635,7
64636,5
64637,5
64638,5
64639,9
64640,4
64641,8
64642,2
64643,6
64644,0
64645,4
64646,6
64647,4
64648,1
64649,1
64650,2
64651,2
64652,8
64653,4
64654,9
64655,0
64656,5
64657,8
64658,1
64659,3
64660,8
64661,3
64662,2
64663,4
64664,8
64665,3
64666,0
64667,9
64668,3
64669,6
64670,9
64671,7
64672,2
64673,2
64674,2
64675,2
64676,8
64677,9
64678,6
64679,1
64680,4
64681,7
64682,7
64683,9
64684,7
64685,3
64686,6
64687,9
64688,2
64689,7
64690,3
64691,0
64692,2
64693,0
64694,9
64695,2
64696,3
64697,3
64698,1
64699,9
64700,5
64701,8
64702,2
64703,3
64704,5
64705,0
64706,0
64707,4
64708,5
64709,8
64710,3
64711,5
64712,0
64713,7
64714,7
64715,6
64716,0
64717,9
64718,5
64719,1
64720,4
64721,4
64722,5
64723,3
64724,0
64725,6
64726,1
64727,4
64728,0
64729,5
64730,4
64731,8
64732,5
64733,7
64734,3
64735,0
64736,8
64737,3
64738,5
64739,2
64740,4
64741,9
64742,8
64743,9
64744,9
64745,8
64746,1
64747,7
64748,5
64749,0
64750,1
64751,5
64752,3
64753,3
64754,3
64755,3
64756,4
64757,4
64758,3
64759,6
64760,7
64761,8
64762,0
64763,9
64764,6
64765,6
64766,0
64767,4
64768,2
64769,7
64770,3
64771,5
64772,7
64773,3
64774,7
64775,8
64776,4
64777,6
64778,2
64779,2
64780,3
64781,1
64782,0
64783,7
64784,5
64785,0
64786,6
64787,4
64788,1
64789,1
64790,2
64791,7
64792,2
64793,3
64794,5
64795,5
64796,0
64797,4
64798,4
64799,4
64800,8
64801,9
64802,9
64803,2
64804,0
64805,9
64806,8
64807,3
64808,5
64809,3
64810,1
64811,4
64812,5
64813,0
64814,1
64815,8
64816,5
64817,8
64818,4
64819,0
64820,7
64821,8
64822,9
64823,2
64824,4
64825,6
64826,3
64827,2
64828,2
64829,4
64830,8
64831,9
64832,1
64833,9
64834,7
64835,4
64836,5
64837,6
64838,3
64839,2
64840,2
64841,5
64842,6
64843,6
64844,5
64845,8
64846,0
64847,4
64848,2
64849,9
64850,4
64851,7
64852,8
64853,6
64854,0
64855,2
64856,7
64857,7
64858,5
64859,9
64860,7
64861,7
64862,3
64863,8
64864,7
64865,5
64866,9
64867,9
64868,8
64869,2
64870,1
64871,0
64872,8
64873,0
64874,2
64875,6
64876,7
64877,9
64878,2
64879,2
64880,5
64881,2
64882,3
64883,2
64884,1
64885,1
64886,9
64887,0
64888,5
64889,5
64890,4
64891,9
64892,8
64893,9
64894,0
64895,5
64896,4
64897,0
64898,0
64899,5
64900,7
64901,8
64902,4
64903,8
64904,8
64905,7
64906,2
64907,9
64908,3
64909,9
64910,6
64911,9
64912,7
64913,3
64914,9
64915,9
64916,3
64917,0
64918,0
64919,3
64920,8
64921,7
64922,9
64923,3
64924,0
64925,6
64926,4
64927,1
64928,0
64929,3
64930,8
64931,4
64932,8
64933,4
64934,4
64935,2
64936,3
64937,5
64938,7
64939,7
64940,8
64941,5
64942,6
64943,3
64944,2
64945,1
64946,8
64947,3
64948,8
64949,5
64950,4
64951,2
64952,3
64953,0
64954,8
64955,3
64956,3
64957,4
64958,9
64959,0
64960,9
64961,9
64962,0
64963,1
64964,8
64965,3
64966,0
64967,3
64968,8
64969,6
64970,8
64971,5
64972,1
64973,3
64974,0
64975,1
64976,9
64977,3
64978,5
64979,0
64980,4
64981,2
64982,3
64983,1
64984,5
64985,3
64986,2
64987,8
64988,5
64989,7
64990,8
64991,0
64992,1
64993,1
64994,0
64995,6
64996,2
64997,5
64998,9
64999,0
65000,7
65001,2
65002,3
65003,6
65004,4
65005,6
65006,3
65007,3
65008,9
65009,4
65010,7
65011,0
65012,8
65013,1
65014,5
65015,0
65016,2
65017,0
65018,1
65019,3
65020,9
65021,4
65022,2
65023,5
65024,0
65025,5
65026,3
65027,2
65028,5
65029,0
65030,0
65031,0
65032,0
65033,6
65034,9
65035,1
65036,3
65037,4
65038,3
65039,5
65040,5
65041,6
65042,6
65043,1
65044,4
65045,9
65046,7
65047,2
65048,4
65049,7
65050,5
65051,7
65052,1
65053,4
65054,8
65055,7
65056,9
65057,5
65058,7
65059,0
65060,2
65061,9
65062,2
65063,5
65064,0
65065,7
65066,8
65067,4
65068,5
65069,2
65070,9
65071,4
65072,3
65073,2
65074,5
65075,9
65076,2
65077,5
65078,7
65079,7
65080,3
65081,8
65082,3
65083,9
65084,6
65085,5
65086,3
65087,0
65088,7
65089,6
65090,9
65091,9
65092,1
65093,3
65094,6
65095,9
65096,3
65097,6
65098,2
65099,5
65100,3
65101,4
65102,9
65103,9
65104,1
65105,2
65106,2
65107,2
65108,4
65109,3
65110,8
65111,7
65112,9
65113,9
65114,4
65115,8
65116,8
65117,9
65118,0
65119,7
65120,0
65121,4
65122,3
65123,8
65124,8
65125,4
65126,2
65127,0
65128,1
65129,4
65130,0
65131,2
65132,1
65133,5
65134,4
65135,6
65136,6
65137,0
65138,3
65139,4
65140,5
65141,6
65142,8
65143,7
65144,6
65145,6
65146,3
65147,1
65148,8
65149,0
65150,8
65151,9
65152,9
65153,5
65154,5
65155,8
65156,2
65157,5
65158,4
65159,4
65160,2
65161,5
65162,6
65163,9
65164,2
65165,9
65166,1
65167,0
65168,2
65169,4
65170,6
65171,9
65172,8
65173,0
65174,2
65175,9
65176,1
65177,9
65178,4
65179,7
65180,3
65181,5
65182,4
65183,3
65184,4
65185,2
65186,1
65187,0
65188,2
65189,4
65190,3
65191,7
65192,8
65193,4
65194,5
65195,5
65196,9
65197,0
65198,4
65199,3
65200,4
65201,5
65202,5
65203,5
65204,7
65205,6
65206,1
65207,3
65208,3
65209,7
65210,0
65211,5
65212,7
65213,6
65214,8
65215,3
65216,5
65217,5
65218,8
65219,1
65220,9
65221,4
65222,0
65223,4
65224,2
65225,1
65226,6
65227,0
65228,1
65229,6
65230,5
65231,0
65232,8
65233,1
65234,1
65235,7
65236,5
65237,2
65238,5
65239,9
65240,0
65241,8
65242,3
65243,4
65244,4
65245,2
65246,7
65247,0
65248,7
65249,3
65250,3
65251,2
65252,3
65253,7
65254,1
65255,6
65256,2
65257,3
65258,3
65259,0
65260,6
65261,6
65262,4
65263,8
65264,7
65265,0
65266,3
65267,0
65268,4
65269,7
65270,3
65271,3
65272,6
65273,0
65274,2
65275,4
65276,4
65277,1
65278,8
65279,1
65280,9
65281,1
65282,2
65283,4
65284,4
65285,2
65286,5
65287,3
65288,3
65289,5
65290,3
65291,5
65292,8
65293,3
65294,9
65295,7
65296,3
65297,0
65298,3
65299,1
65300,0
65301,1
65302,0
65303,7
65304,7
65305,4
65306,8
65307,9
65308,0
65309,1
65310,5
65311,4
65312,9
65313,4
65314,7
65315,9
65316,9
65317,9
65318,0
65319,1
65320,0
65321,9
65322,9
65323,5
65324,1
65325,7
65326,2
65327,9
65328,3
65329,5
65330,6
65331,8
65332,1
65333,7
65334,3
65335,3
65336,8
65337,2
65338,7
65339,0
65340,8
65341,9
65342,8
65343,8
65344,4
65345,5
65346,6
65347,4
65348,5
65349,9
65350,0
65351,0
65352,5
65353,3
65354,7
65355,7
65356,4
65357,4
65358,7
65359,4
65360,5
65361,8
65362,3
65363,7
65364,2
65365,7
65366,3
65367,8
65368,8
65369,8
65370,7
65371,8
65372,6
65373,0
65374,5
65375,7
65376,9
65377,8
65378,5
65379,6
65380,0
65381,6
65382,2
65383,4
65384,2
65385,8
65386,9
65387,9
65388,1
65389,9
65390,5
65391,8
65392,4
65393,4
65394,8
65395,4
65396,8
65397,7
65398,6
65399,8
65400,3
65401,0
65402,7
65403,8
65404,8
65405,3
65406,9
65407,9
65408,5
65409,9
65410,2
65411,6
65412,9
65413,7
65414,5
65415,7
65416,2
65417,9
65418,9
65419,2
65420,3
65421,9
65422,5
65423,3
65424,5
65425,3
65426,1
65427,2
65428,9
65429,1
65430,2
65431,8
65432,5
65433,1
65434,7
65435,9
65436,0
65437,3
65438,3
65439,6
65440,9
65441,0
65442,2
65443,0
65444,0
65445,0
65446,2
65447,9
65448,7
65449,1
65450,9
65451,8
65452,5
65453,2
65454,8
65455,5
65456,9
65457,5
65458,2
65459,4
65460,2
65461,5
65462,2
65463,2
65464,5
65465,4
65466,2
65467,7
65468,1
65469,6
65470,0
65471,4
65472,4
65473,5
65474,6
65475,4
65476,6
65477,9
65478,5
65479,5
65480,1
65481,5
65482,2
65483,4
65484,4
65485,2
65486,4
65487,1
65488,9
65489,3
65490,7
65491,2
65492,7
65493,4
65494,2
65495,9
65496,7
65497,4
65498,4
65499,6
65500,1
65501,7
65502,1
65503,4
65504,7
65505,6
65506,1
65507,7
65508,3
65509,0
65510,3
65511,6
65512,6
65513,2
65514,0
65515,4
65516,1
65517,7
65518,9
65519,0
65520,2
65521,9
65522,2
65523,0
65524,7
65525,1
65526,9
65527,5
65528,2
65529,9
65530,8
65531,2
65532,4
65533,0
65534,3
65535,3
65536,2
65537,2
65538,8
65539,1
65540,0
65541,8
65542,1
65543,8
65544,1
65545,0
65546,1
65547,4
65548,7
65549,3
65550,7
65551,7
65552,3
65553,3
65554,9
65555,9
65556,0
65557,8
65558,2
65559,5
65560,8
65561,9
65562,5
65563,3
65564,5
65565,4
65566,1
65567,6
65568,9
65569,4
65570,3
65571,2
65572,6
65573,1
65574,8
65575,1
65576,3
65577,4
65578,0
65579,2
65580,1
65581,7
65582,0
65583,5
65584,4
65585,5
65586,3
65587,6
65588,2
65589,1
65590,3
65591,0
65592,7
65593,3
65594,6
65595,2
65596,3
65597,6
65598,3
65599,5
65600,2
65601,9
65602,6
65603,8
65604,0
65605,3
65606,4
65607,0
65608,1
65609,7
65610,5
65611,3
65612,3
65613,3
65614,2
65615,0
65616,3
65617,5
65618,2
65619,6
65620,2
65621,5
65622,1
65623,4
65624,6
65625,2
65626,1
65627,9
65628,3
65629,4
65630,6
65631,9
65632,5
65633,8
65634,0
65635,6
65636,3
65637,6
65638,0
65639,8
65640,1
65641,2
65642,3
65643,3
65644,1
65645,5
65646,5
65647,3
65648,2
65649,2
65650,7
65651,1
65652,3
65653,2
65654,3
65655,0
65656,3
65657,2
65658,2
65659,8
65660,0
65661,8
65662,4
65663,7
65664,0
65665,3
65666,1
65667,3
65668,8
65669,3
65670,4
65671,1
65672,2
65673,6
65674,3
65675,0
65676,7
65677,7
65678,8
65679,3
65680,6
65681,9
65682,5
65683,6
65684,6
65685,9
65686,5
65687,2
65688,3
65689,8
65690,5
65691,3
65692,8
65693,3
65694,7
65695,9
65696,0
65697,2
65698,5
65699,1
65700,0
65701,5
65702,0
65703,3
65704,5
65705,7
65706,9
65707,6
65708,0
65709,7
65710,1
65711,2
65712,0
65713,8
65714,6
65715,2
65716,2
65717,7
65718,8
65719,0
65720,2
65721,4
65722,4
65723,9
65724,7
65725,3
65726,2
65727,5
65728,4
65729,5
65730,1
65731,9
65732,5
65733,0
65734,5
65735,2
65736,4
65737,1
65738,7
65739,9
65740,0
65741,3
65742,3
65743,4
65744,9
65745,1
65746,0
65747,1
65748,9
65749,5
65750,6
65751,8
65752,2
65753,2
65754,1
65755,4
65756,0
65757,6
65758,7
65759,9
65760,0
65761,1
65762,1
65763,4
65764,3
65765,6
65766,9
65767,8
65768,1
65769,3
65770,7
65771,3
65772,9
65773,9
65774,5
65775,4
65776,2
65777,3
65778,2
65779,8
65780,8
65781,5
65782,5
65783,1
65784,8
65785,8
65786,5
65787,7
65788,9
65789,9
65790,3
65791,4
65792,2
65793,2
65794,7
65795,9
65796,6
65797,6
65798,7
65799,5
65800,4
65801,7
65802,6
65803,1
65804,4
65805,2
65806,2
65807,0
65808,9
65809,0
65810,0
65811,5
65812,1
65813,1
65814,7
65815,8
65816,3
65817,2
65818,6
65819,2
65820,0
65821,6
65822,4
65823,9
65824,5
65825,2
65826,4
65827,6
65828,4
65829,6
65830,1
65831,5
65832,2
65833,7
65834,8
65835,6
65836,7
65837,7
65838,0
65839,8
65840,4
65841,3
65842,6
65843,9
65844,1
65845,2
65846,1
65847,7
65848,4
65849,3
65850,2
65851,9
65852,9
65853,2
65854,4
65855,4
65856,3
65857,0
65858,5
65859,7
65860,5
65861,2
65862,7
65863,8
65864,9
65865,9
65866,2
65867,7
65868,8
65869,7
65870,7
65871,5
65872,8
65873,7
65874,6
65875,6
65876,9
65877,0
65878,1
65879,8
65880,7
65881,5
65882,6
65883,5
65884,3
65885,7
65886,4
65887,6
65888,5
65889,5
65890,6
65891,9
65892,9
65893,1
65894,9
65895,5
65896,9
65897,4
65898,4
65899,1
65900,9
65901,8
65902,3
65903,5
65904,1
65905,8
65906,6
65907,5
65908,0
65909,2
65910,3
65911,7
65912,1
65913,1
65914,1
65915,8
65916,7
65917,5
65918,6
65919,3
65920,4
65921,7
65922,0
65923,0
65924,5
65925,3
65926,4
65927,8
65928,2
65929,5
65930,2
65931,7
65932,3
65933,2
65934,3
65935,2
65936,7
65937,8
65938,0
65939,7
65940,6
65941,9
65942,5
65943,8
65944,0
65945,7
65946,3
65947,5
65948,0
65949,9
65950,7
65951,3
65952,0
65953,6
65954,5
65955,7
65956,8
65957,2
65958,3
65959,1
65960,9
65961,0
65962,2
65963,9
65964,1
65965,3
65966,4
65967,8
65968,3
65969,0
65970,6
65971,2
65972,4
65973,8
65974,6
65975,4
65976,9
65977,5
65978,6
65979,1
65980,8
65981,2
65982,2
65983,1
65984,6
65985,2
65986,9
65987,4
65988,3
65989,7
65990,9
65991,6
65992,3
65993,5
65994,4
65995,5
65996,9
65997,8
65998,5
65999,3
66000,0
66001,1
66002,2
66003,6
66004,4
66005,1
66006,9
66007,4
66008,4
66009,0
66010,5
66011,5
66012,4
66013,6
66014,2
66015,0
66016,1
66017,4
66018,9
66019,9
66020,7
66021,0
66022,1
66023,2
66024,0
66025,0
66026,2
66027,6
66028,2
66029,5
66030,9
66031,4
66032,8
66033,2
66034,6
66035,1
66036,5
66037,9
66038,4
66039,1
66040,8
66041,9
66042,3
66043,1
66044,7
66045,1
66046,1
66047,1
66048,9
66049,1
66050,3
66051,8
66052,9
66053,9
66054,1
66055,9
66056,6
66057,0
66058,5
66059,8
66060,5
66061,5
66062,9
66063,3
66064,8
66065,9
66066,0
66067,7
66068,8
66069,2
66070,9
66071,2
66072,0
66073,1
66074,5
66075,0
66076,7
66077,8
66078,0
66079,0
66080,9
66081,1
66082,1
66083,8
66084,2
66085,8
66086,7
66087,2
66088,0
66089,7
66090,2
66091,0
66092,0
66093,5
66094,1
66095,2
66096,8
66097,2
66098,3
66099,7
66100,2
66101,1
66102,9
66103,7
66104,2
66105,1
66106,3
66107,9
66108,2
66109,4
66110,0
66111,3
66112,7
66113,5
66114,1
66115,1
66116,9
66117,5
66118,3
66119,5
66120,4
66121,6
66122,6
66123,1
66124,5
66125,2
66126,1
66127,6
66128,2
66129,5
66130,9
66131,9
66132,4
66133,3
66134,4
66135,1
66136,7
66137,9
66138,0
66139,5
66140,7
66141,3
66142,3
66143,8
66144,4
66145,1
66146,8
66147,2
66148,7
66149,4
66150,4
66151,8
66152,9
66153,2
66154,9
66155,3
66156,2
66157,6
66158,1
66159,1
66160,6
66161,6
66162,1
66163,6
66164,9
66165,8
66166,5
66167,9
66168,1
66169,5
66170,0
66171,9
66172,3
66173,2
66174,1
66175,7
66176,2
66177,9
66178,8
66179,8
66180,9
66181,5
66182,5
66183,3
66184,8
66185,2
66186,0
66187,3
66188,6
66189,1
66190,1
66191,9
66192,0
66193,9
66194,7
66195,5
66196,3
66197,2
66198,9
66199,5
66200,5
66201,4
66202,2
66203,9
66204,9
66205,3
66206,0
66207,6
66208,4
66209,1
66210,7
66211,4
66212,9
66213,2
66214,8
66215,5
66216,8
66217,6
66218,0
66219,1
66220,3
66221,2
66222,2
66223,3
66224,6
66225,6
66226,0
66227,2
66228,8
66229,3
66230,2
66231,8
66232,6
66233,1
66234,8
66235,4
66236,5
66237,4
66238,2
66239,3
66240,9
66241,0
66242,4
66243,4
66244,2
66245,5
66246,4
66247,2
66248,7
66249,3
66250,7
66251,3
66252,3
66253,6
66254,9
66255,4
66256,8
66257,5
66258,6
66259,0
66260,3
66261,6
66262,7
66263,2
66264,5
66265,3
66266,1
66267,1
66268,9
66269,7
66270,5
66271,4
66272,2
66273,1
66274,6
66275,4
66276,5
66277,9
66278,2
66279,5
66280,5
66281,3
66282,3
66283,0
66284,9
66285,2
66286,2
66287,2
66288,3
66289,2
66290,4
66291,9
66292,2
66293,3
66294,6
66295,4
66296,2
66297,0
66298,4
66299,1
66300,3
66301,7
66302,2
66303,4
66304,2
66305,2
66306,3
66307,2
66308,3
66309,0
66310,8
66311,3
66312,5
66313,1
66314,2
66315,8
66316,8
66317,2
66318,1
66319,2
66320,1
66321,1
66322,9
66323,6
66324,5
66325,9
66326,0
66327,8
66328,0
66329,3
66330,4
66331,3
66332,8
66333,3
66334,7
66335,5
66336,2
66337,1
66338,1
66339,2
66340,0
66341,5
66342,5
66343,0
66344,1
66345,0
66346,5
66347,2
66348,8
66349,9
66350,7
66351,9
66352,1
66353,1
66354,3
66355,3
66356,5
66357,0
66358,7
66359,5
66360,9
66361,4
66362,9
66363,3
66364,6
66365,6
66366,2
66367,8
66368,5
66369,6
66370,5
66371,9
66372,8
66373,3
66374,8
66375,1
66376,3
66377,1
66378,3
66379,5
66380,6
66381,5
66382,4
66383,4
66384,9
66385,2
66386,7
66387,1
66388,4
66389,8
66390,3
66391,7
66392,7
66393,6
66394,7
66395,9
66396,4
66397,7
66398,7
66399,0
66400,1
66401,4
66402,1
66403,4
66404,8
66405,2
66406,4
66407,7
66408,4
66409,7
66410,1
66411,8
66412,7
66413,5
66414,1
66415,3
66416,1
66417,0
66418,3
66419,4
66420,5
66421,3
66422,8
66423,6
66424,3
66425,4
66426,9
66427,3
66428,1
66429,5
66430,3
66431,0
66432,7
66433,0
66434,6
66435,4
66436,5
66437,1
66438,2
66439,6
66440,2
66441,8
66442,8
66443,9
66444,8
66445,0
66446,7
66447,2
66448,4
66449,2
66450,5
66451,1
66452,9
66453,4
66454,3
66455,8
66456,7
66457,1
66458,8
66459,1
66460,2
66461,0
66462,9
66463,2
66464,4
66465,3
66466,4
66467,6
66468,1
66469,3
66470,5
66471,2
66472,9
66473,5
66474,5
66475,3
66476,7
66477,5
66478,5
66479,6
66480,4
66481,8
66482,0
66483,7
66484,0
66485,8
66486,0
66487,2
66488,1
66489,9
66490,7
66491,7
66492,3
66493,8
66494,0
66495,3
66496,0
66497,9
66498,8
66499,5
66500,6
66501,4
66502,8
66503,1
66504,5
66505,5
66506,7
66507,0
66508,1
66509,6
66510,1
66511,3
66512,2
66513,6
66514,2
66515,2
66516,1
66517,7
66518,6
66519,2
66520,2
66521,6
66522,1
66523,8
66524,2
66525,2
66526,6
66527,3
66528,0
66529,8
66530,8
66531,4
66532,4
66533,2
66534,0
66535,7
66536,0
66537,8
66538,9
66539,1
66540,2
66541,6
66542,7
66543,0
66544,8
66545,1
66546,8
66547,2
66548,4
66549,6
66550,7
66551,5
66552,7
66553,9
66554,9
66555,3
66556,9
66557,4
66558,4
66559,0
66560,6
66561,1
66562,4
66563,8
66564,4
66565,6
66566,7
66567,0
66568,2
66569,2
66570,9
66571,1
66572,8
66573,0
66574,0
66575,2
66576,2
66577,0
66578,3
66579,6
66580,6
66581,1
66582,3
66583,6
66584,3
66585,4
66586,1
66587,7
66588,8
66589,1
66590,0
66591,7
66592,6
66593,5
66594,6
66595,8
66596,2
66597,8
66598,5
66599,8
66600,7
66601,8
66602,4
66603,5
66604,9
66605,5
66606,5
66607,1
66608,2
66609,4
66610,7
66611,2
66612,9
66613,7
66614,8
66615,0
66616,7
66617,4
66618,6
66619,3
66620,8
66621,8
66622,4
66623,5
66624,1
66625,8
66626,2
66627,4
66628,2
66629,2
66630,7
66631,8
66632,9
66633,0
66634,2
66635,5
66636,9
66637,3
66638,5
66639,9
66640,8
66641,6
66642,3
66643,9
66644,5
66645,9
66646,3
66647,0
66648,8
66649,6
66650,0
66651,6
66652,3
66653,5
66654,8
66655,0
66656,0
66657,1
66658,8
66659,2
66660,9
66661,0
66662,0
66663,7
66664,6
66665,0
66666,8
66667,7
66668,4
66669,8
66670,8
66671,2
66672,0
66673,3
66674,6
66675,7
66676,1
66677,8
66678,7
66679,4
66680,0
66681,7
66682,1
66683,6
66684,5
66685,2
66686,0
66687,7
66688,9
66689,6
66690,3
66691,8
66692,2
66693,1
66694,1
66695,8
66696,8
66697,3
66698,5
66699,7
66700,5
66701,6
66702,9
66703,4
66704,3
66705,9
66706,3
66707,8
66708,9
66709,0
66710,4
66711,0
66712,4
66713,5
66714,7
66715,0
66716,4
66717,3
66718,9
66719,5
66720,7
66721,2
66722,2
66723,5
66724,8
66725,3
66726,1
66727,3
66728,5
66729,4
66730,9
66731,3
66732,3
66733,9
66734,7
66735,2
66736,0
66737,8
66738,0
66739,9
66740,1
66741,9
66742,9
66743,0
66744,7
66745,1
66746,4
66747,5
66748,0
66749,3
66750,8
66751,7
66752,2
66753,5
66754,5
66755,9
66756,3
66757,2
66758,0
66759,0
66760,9
66761,0
66762,5
66763,0
66764,1
66765,3
66766,7
66767,9
66768,1
66769,5
66770,9
66771,0
66772,0
66773,9
66774,7
66775,2
66776,9
66777,2
66778,1
66779,2
66780,7
66781,5
66782,1
66783,0
66784,7
66785,3
66786,4
66787,7
66788,6
66789,4
66790,6
66791,8
66792,5
66793,7
66794,9
66795,5
66796,7
66797,3
66798,3
66799,3
66800,9
66801,3
66802,4
66803,1
66804,5
66805,6
66806,9
66807,7
66808,4
66809,0
66810,2
66811,5
66812,8
66813,0
66814,7
66815,7
66816,3
66817,2
66818,0
66819,4
66820,8
66821,2
66822,0
66823,6
66824,9
66825,8
66826,9
66827,0
66828,5
66829,0
66830,4
66831,0
66832,2
66833,6
66834,3
66835,1
66836,8
66837,7
66838,4
66839,1
66840,9
66841,1
66842,2
66843,8
66844,5
66845,6
66846,3
66847,0
66848,0
66849,2
66850,6
66851,0
66852,7
66853,2
66854,1
66855,8
66856,2
66857,8
66858,7
66859,9
66860,2
66861,1
66862,3
66863,5
66864,7
66865,7
66866,3
66867,6
66868,5
66869,7
66870,3
66871,6
66872,7
66873,3
66874,2
66875,2
66876,9
66877,6
66878,7
66879,3
66880,9
66881,1
66882,2
66883,1
66884,9
66885,7
66886,2
66887,3
66888,3
66889,8
66890,1
66891,8
66892,3
66893,5
66894,0
66895,5
66896,3
66897,8
66898,5
66899,7
66900,6
66901,9
66902,0
66903,6
66904,8
66905,3
66906,2
66907,3
66908,3
66909,6
66910,3
66911,7
66912,8
66913,7
66914,1
66915,3
66916,7
66917,8
66918,9
66919,5
66920,5
66921,2
66922,2
66923,4
66924,5
66925,0
66926,8
66927,6
66928,3
66929,4
66930,0
66931,8
66932,8
66933,9
66934,6
66935,9
66936,1
66937,5
66938,1
66939,2
66940,1
66941,3
66942,2
66943,2
66944,2
66945,4
66946,5
66947,7
66948,5
66949,9
66950,2
66951,0
66952,5
66953,7
66954,0
66955,5
66956,6
66957,5
66958,6
66959,0
66960,4
66961,0
66962,7
66963,1
66964,5
66965,2
66966,9
66967,8
66968,1
66969,7
66970,6
66971,2
66972,4
66973,0
66974,7
66975,1
66976,8
66977,5
66978,7
66979,8
66980,5
66981,5
66982,1
66983,8
66984,5
66985,7
66986,7
66987,7
66988,6
66989,5
66990,2
66991,2
66992,1
66993,2
66994,4
66995,4
66996,1
66997,0
66998,3
66999,9
67000,1
67001,8
67002,2
67003,3
67004,7
67005,4
67006,9
67007,5
67008,7
67009,4
67010,3
67011,9
67012,5
67013,6
67014,2
67015,2
67016,7
67017,3
67018,9
67019,3
67020,0
67021,5
67022,9
67023,0
67024,9
67025,4
67026,6
67027,2
67028,5
67029,7
67030,1
67031,6
67032,5
67033,2
67034,0
67035,2
67036,3
67037,1
67038,1
67039,1
67040,7
67041,6
67042,2
67043,6
67044,5
67045,9
67046,8
67047,7
67048,9
67049,3
67050,4
67051,7
67052,9
67053,2
67054,0
67055,1
67056,1
67057,1
67058,4
67059,8
67060,0
67061,8
67062,0
67063,9
67064,5
67065,6
67066,7
67067,0
67068,8
67069,2
67070,4
67071,4
67072,2
67073,2
67074,2
67075,5
67076,7
67077,2
67078,9
67079,9
67080,2
67081,2
67082,2
67083,0
67084,7
67085,4
67086,5
67087,2
67088,3
67089,3
67090,1
67091,9
67092,8
67093,1
67094,8
67095,2
67096,2
67097,3
67098,9
67099,1
67100,9
67101,7
67102,2
67103,9
67104,6
67105,9
67106,3
67107,0
67108,4
67109,2
67110,3
67111,4
67112,6
67113,0
67114,9
67115,2
67116,1
67117,1
67118,0
67119,5
67120,0
67121,7
67122,0
67123,4
67124,1
67125,1
67126,9
67127,0
67128,0
67129,1
67130,9
67131,4
67132,7
67133,3
67134,5
67135,4
67136,1
67137,2
67138,0
67139,2
67140,0
67141,3
67142,0
67143,2
67144,3
67145,5
67146,9
67147,5
67148,8
67149,9
67150,3
67151,1
67152,7
67153,8
67154,9
67155,4
67156,1
67157,1
67158,9
67159,0
67160,7
67161,0
67162,0
67163,9
67164,6
67165,0
67166,2
67167,9
67168,2
67169,8
67170,5
67171,5
67172,9
67173,3
67174,3
67175,5
67176,7
67177,1
67178,3
67179,3
67180,3
67181,5
67182,6
67183,0
67184,4
67185,1
67186,1
67187,9
67188,1
67189,4
67190,0
67191,6
67192,2
67193,2
67194,6
67195,2
67196,0
67197,3
67198,5
67199,0
67200,3
67201,0
67202,5
67203,1
67204,1
67205,8
67206,2
67207,5
67208,3
67209,5
67210,1
67211,2
67212,4
67213,3
67214,1
67215,2
67216,7
67217,9
67218,6
67219,3
67220,8
67221,5
67222,6
67223,6
67224,9
67225,1
67226,5
67227,5
67228,7
67229,4
67230,2
67231,2
67232,7
67233,5
67234,4
67235,1
67236,5
67237,7
67238,7
67239,8
67240,2
67241,8
67242,3
67243,7
67244,6
67245,6
67246,2
67247,9
67248,9
67249,0
67250,2
67251,7
67252,3
67253,1
67254,0
67255,8
67256,2
67257,4
67258,4
67259,4
67260,7
67261,1
67262,8
67263,2
67264,0
67265,3
67266,4
67267,0
67268,2
67269,9
67270,8
67271,0
67272,0
67273,8
67274,3
67275,9
67276,2
67277,1
67278,5
67279,4
67280,5
67281,0
67282,8
67283,4
67284,2
67285,5
67286,9
67287,3
67288,0
67289,2
67290,7
67291,8
67292,5
67293,9
67294,5
67295,0
67296,0
67297,6
67298,9
67299,7
67300,2
67301,9
67302,2
67303,2
67304,6
67305,4
67306,0
67307,1
67308,4
67309,3
67310,9
67311,4
67312,0
67313,3
67314,4
67315,4
67316,0
67317,9
67318,2
67319,7
67320,2
67321,5
67322,4
67323,3
67324,4
67325,5
67326,7
67327,0
67328,2
67329,1
67330,1
67331,8
67332,7
67333,3
67334,2
67335,0
67336,5
67337,2
67338,3
67339,8
67340,8
67341,8
67342,9
67343,3
67344,0
67345,9
67346,6
67347,0
67348,3
67349,6
67350,2
67351,2
67352,8
67353,8
67354,5
67355,9
67356,2
67357,7
67358,1
67359,9
67360,0
67361,3
67362,3
67363,3
67364,2
67365,3
67366,9
67367,9
67368,5
67369,3
67370,0
67371,4
67372,2
67373,4
67374,6
67375,4
67376,5
67377,3
67378,4
67379,9
67380,8
67381,5
67382,8
67383,3
67384,4
67385,1
67386,4
67387,8
67388,9
67389,2
67390,6
67391,2
67392,3
67393,5
67394,6
67395,3
67396,5
67397,2
67398,5
67399,3
67400,9
67401,1
67402,2
67403,9
67404,8
67405,9
67406,3
67407,8
67408,8
67409,5
67410,5
67411,8
67412,4
67413,4
67414,0
67415,8
67416,3
67417,0
67418,4
67419,9
67420,6
67421,1
67422,0
67423,5
67424,1
67425,2
67426,0
67427,9
67428,2
67429,6
67430,3
67431,6
67432,7
67433,6
67434,6
67435,4
67436,3
67437,8
67438,5
67439,1
67440,8
67441,3
67442,4
67443,2
67444,5
67445,6
67446,0
67447,7
67448,8
67449,7
67450,4
67451,4
67452,2
67453,2
67454,9
67455,3
67456,5
67457,0
67458,9
67459,9
67460,0
67461,1
67462,3
67463,7
67464,1
67465,9
67466,6
67467,5
67468,2
67469,6
67470,9
67471,5
67472,7
67473,7
67474,4
67475,2
67476,8
67477,3
67478,1
67479,7
67480,8
67481,8
67482,6
67483,8
67484,0
67485,5
67486,5
67487,7
67488,1
67489,9
67490,6
67491,2
67492,1
67493,5
67494,1
67495,9
67496,6
67497,1
67498,6
67499,3
67500,2
67501,5
67502,3
67503,9
67504,3
67505,5
67506,4
67507,0
67508,6
67509,9
67510,5
67511,4
67512,2
67513,3
67514,8
67515,5
67516,8
67517,3
67518,6
67519,2
67520,1
67521,4
67522,9
67523,5
67524,8
67525,9
67526,7
67527,3
67528,6
67529,9
67530,5
67531,9
67532,1
67533,1
67534,1
67535,8
67536,4
67537,1
67538,4
67539,6
67540,9
67541,9
67542,8
67543,9
67544,7
67545,4
67546,4
67547,1
67548,9
67549,9
67550,1
67551,9
67552,3
67553,2
67554,3
67555,7
67556,3
67557,1
67558,3
67559,6
67560,8
67561,3
67562,4
67563,3
67564,3
67565,8
67566,3
67567,7
67568,1
67569,0
67570,3
67571,8
67572,4
67573,7
67574,9
67575,8
67576,0
67577,3
67578,0
67579,4
67580,5
67581,7
67582,6
67583,7
67584,2
67585,9
67586,0
67587,2
67588,3
67589,3
67590,3
67591,0
67592,6
67593,4
67594,4
67595,4
67596,4
67597,6
67598,9
67599,9
67600,0
67601,7
67602,4
67603,0
67604,2
67605,2
67606,1
67607,9
67608,5
67609,9
67610,9
67611,0
67612,5
67613,8
67614,6
67615,7
67616,3
67617,9
67618,5
67619,2
67620,8
67621,9
67622,5
67623,8
67624,0
67625,0
67626,3
67627,0
67628,6
67629,3
67630,7
67631,8
67632,0
67633,1
67634,2
67635,2
67636,3
67637,1
67638,1
67639,3
67640,2
67641,2
67642,5
67643,4
67644,3
67645,9
67646,3
67647,4
67648,2
67649,3
67650,7
67651,2
67652,9
67653,2
67654,1
67655,4
67656,7
67657,5
67658,5
67659,9
67660,2
67661,0
67662,9
67663,7
67664,9
67665,7
67666,4
67667,1
67668,8
67669,3
67670,3
67671,8
67672,0
67673,8
67674,7
67675,0
67676,7
67677,7
67678,9
67679,4
67680,4
67681,0
67682,3
67683,7
67684,4
67685,1
67686,5
67687,2
67688,0
67689,5
67690,8
67691,6
67692,7
67693,0
67694,1
67695,0
67696,5
67697,6
67698,2
67699,1
67700,4
67701,1
67702,8
67703,7
67704,9
67705,9
67706,7
67707,3
67708,2
67709,2
67710,4
67711,7
67712,6
67713,3
67714,9
67715,0
67716,3
67717,9
67718,5
67719,1
67720,0
67721,9
67722,2
67723,7
67724,2
67725,3
67726,5
67727,7
67728,2
67729,7
67730,2
67731,8
67732,7
67733,5
67734,4
67735,5
67736,9
67737,4
67738,3
67739,5
67740,0
67741,2
67742,5
67743,5
67744,3
67745,1
67746,9
67747,3
67748,7
67749,1
67750,0
67751,3
67752,4
67753,4
67754,2
67755,5
67756,9
67757,2
67758,1
67759,1
67760,7
67761,7
67762,9
67763,0
67764,1
67765,6
67766,8
67767,5
67768,2
67769,5
67770,3
67771,7
67772,8
67773,7
67774,7
67775,0
67776,8
67777,5
67778,0
67779,0
67780,5
67781,5
67782,6
67783,7
67784,7
67785,9
67786,7
67787,1
67788,0
67789,0
67790,8
67791,0
67792,4
67793,0
67794,6
67795,4
67796,5
67797,5
67798,0
67799,5
67800,3
67801,3
67802,4
67803,5
67804,0
67805,7
67806,1
67807,8
67808,7
67809,1
67810,3
67811,2
67812,0
67813,6
67814,7
67815,3
67816,7
67817,4
67818,8
67819,2
67820,3
67821,9
67822,4
67823,0
67824,3
67825,0
67826,8
67827,7
67828,3
67829,3
67830,0
67831,5
67832,6
67833,1
67834,5
67835,0
67836,9
67837,9
67838,1
67839,3
67840,0
67841,6
67842,1
67843,2
67844,6
67845,5
67846,7
67847,2
67848,4
67849,0
67850,9
67851,2
67852,6
67853,8
67854,2
67855,8
67856,3
67857,7
67858,7
67859,3
67860,3
67861,9
67862,5
67863,7
67864,0
67865,0
67866,9
67867,4
67868,5
67869,0
67870,7
67871,2
67872,9
67873,5
67874,5
67875,8
67876,7
67877,4
67878,9
67879,5
67880,6
67881,3
67882,6
67883,3
67884,0
67885,2
67886,7
67887,6
67888,4
67889,2
67890,5
67891,4
67892,1
67893,5
67894,7
67895,9
67896,7
67897,3
67898,9
67899,8
67900,6
67901,5
67902,1
67903,9
67904,6
67905,1
67906,6
67907,4
67908,8
67909,0
67910,7
67911,6
67912,9
67913,8
67914,8
67915,3
67916,3
67917,4
67918,1
67919,7
67920,7
67921,1
67922,1
67923,6
67924,7
67925,0
67926,3
67927,2
67928,8
67929,7
67930,8
67931,7
67932,9
67933,1
67934,1
67935,3
67936,8
67937,7
67938,5
67939,9
67940,1
67941,0
67942,2
67943,3
67944,4
67945,4
67946,2
67947,7
67948,1
67949,2
67950,0
67951,1
67952,5
67953,4
67954,4
67955,9
67956,2
67957,4
67958,2
67959,2
67960,6
67961,7
67962,7
67963,6
67964,7
67965,1
67966,4
67967,0
67968,8
67969,3
67970,3
67971,5
67972,4
67973,0
67974,8
67975,3
67976,0
67977,4
67978,0
67979,1
67980,8
67981,4
67982,0
67983,2
67984,9
67985,5
67986,4
67987,4
67988,5
67989,2
67990,1
67991,6
67992,4
67993,4
67994,5
67995,8
67996,0
67997,7
67998,3
67999,2
68000,6
68001,7
68002,2
68003,2
68004,3
68005,4
68006,4
68007,2
68008,0
68009,3
68010,4
68011,5
68012,1
68013,7
68014,5
68015,2
68016,5
68017,7
68018,7
68019,9
68020,9
68021,9
68022,2
68023,0
68024,9
68025,2
68026,0
68027,5
68028,5
68029,5
68030,0
68031,5
68032,6
68033,6
68034,0
68035,0
68036,6
68037,9
68038,9
68039,2
68040,4
68041,5
68042,4
68043,0
68044,1
68045,0
68046,8
68047,9
68048,5
68049,7
68050,3
68051,0
68052,2
68053,4
68054,1
68055,3
68056,8
68057,1
68058,8
68059,2
68060,6
68061,6
68062,9
68063,8
68064,5
68065,1
68066,2
68067,6
68068,0
68069,9
68070,0
68071,8
68072,8
68073,0
68074,7
68075,3
68076,6
68077,9
68078,8
68079,9
68080,9
68081,4
68082,9
68083,6
68084,3
68085,3
68086,2
68087,5
68088,0
68089,8
68090,0
68091,4
68092,0
68093,3
68094,0
68095,0
68096,0
68097,3
68098,3
68099,5
68100,9
68101,4
68102,7
68103,1
68104,5
68105,4
68106,1
68107,6
68108,1
68109,7
68110,9
68111,4
68112,6
68113,4
68114,5
68115,2
68116,9
68117,4
68118,9
68119,8
68120,8
68121,7
68122,4
68123,2
68124,3
68125,9
68126,3
68127,6
68128,7
68129,0
68130,2
68131,7
68132,0
68133,6
68134,1
68135,0
68136,5
68137,7
68138,0
68139,5
68140,9
68141,2
68142,3
68143,2
68144,8
68145,5
68146,8
68147,1
68148,9
68149,6
68150,7
68151,6
68152,7
68153,3
68154,6
68155,2
68156,5
68157,6
68158,8
68159,8
68160,8
68161,7
68162,4
68163,6
68164,5
68165,1
68166,5
68167,9
68168,6
68169,0
68170,9
68171,5
68172,8
68173,5
68174,7
68175,3
68176,9
68177,8
68178,3
68179,4
68180,6
68181,5
68182,7
68183,5
68184,1
68185,1
68186,5
68187,4
68188,1
68189,8
68190,5
68191,8
68192,2
68193,9
68194,6
68195,3
68196,3
68197,4
68198,0
68199,2
68200,4
68201,1
68202,1
68203,0
68204,7
68205,3
68206,9
68207,0
68208,2
68209,8
68210,8
68211,8
68212,8
68213,7
68214,7
68215,1
68216,2
68217,6
68218,6
68219,1
68220,6
68221,0
68222,2
68223,5
68224,8
68225,2
68226,4
68227,2
68228,3
68229,1
68230,5
68231,5
68232,4
68233,4
68234,0
68235,5
68236,4
68237,7
68238,0
68239,3
68240,4
68241,5
68242,5
68243,7
68244,5
68245,7
68246,0
68247,1
68248,1
68249,9
68250,7
68251,5
68252,0
68253,1
68254,9
68255,6
68256,3
68257,6
68258,5
68259,4
68260,3
68261,4
68262,5
68263,7
68264,2
68265,2
68266,2
68267,0
68268,5
68269,6
68270,6
68271,3
68272,7
68273,8
68274,6
68275,2
68276,4
68277,1
68278,1
68279,7
68280,5
68281,2
68282,5
68283,3
68284,6
68285,8
68286,5
68287,8
68288,8
68289,6
68290,1
68291,2
68292,3
68293,7
68294,6
68295,9
68296,0
68297,4
68298,5
68299,2
68300,3
68301,4
68302,9
68303,5
68304,5
68305,9
68306,4
68307,6
68308,4
68309,1
68310,1
68311,8
68312,9
68313,4
68314,2
68315,2
68316,3
68317,3
68318,0
68319,7
68320,1
68321,8
68322,8
68323,5
68324,0
68325,4
68326,7
68327,7
68328,1
68329,0
68330,1
68331,4
68332,1
68333,9
68334,0
68335,4
68336,1
68337,1
68338,0
68339,7
68340,3
68341,7
68342,3
68343,9
68344,0
68345,1
68346,8
68347,9
68348,0
68349,6
68350,6
68351,0
68352,9
68353,1
68354,6
68355,1
68356,2
68357,7
68358,8
68359,0
68360,5
68361,6
68362,8
68363,2
68364,5
68365,5
68366,1
68367,5
68368,9
68369,1
68370,8
68371,5
68372,3
68373,1
68374,2
68375,4
68376,0
68377,7
68378,3
68379,5
68380,4
68381,8
68382,0
68383,7
68384,1
68385,2
68386,3
68387,9
68388,8
68389,3
68390,8
68391,7
68392,7
68393,9
68394,7
68395,0
68396,9
68397,4
68398,0
68399,9
68400,4
68401,1
68402,9
68403,8
68404,6
68405,3
68406,7
68407,2
68408,9
68409,5
68410,4
68411,7
68412,1
68413,2
68414,1
68415,2
68416,3
68417,9
68418,4
68419,0
68420,5
68421,0
68422,0
68423,5
68424,5
68425,4
68426,6
68427,9
68428,9
68429,1
68430,0
68431,7
68432,7
68433,7
68434,2
68435,5
68436,1
68437,2
68438,0
68439,6
68440,3
68441,8
68442,9
68443,8
68444,4
68445,1
68446,0
68447,8
68448,3
68449,9
68450,8
68451,8
68452,7
68453,8
68454,3
68455,6
68456,0
68457,7
68458,4
68459,8
68460,6
68461,9
68462,9
68463,4
68464,5
68465,7
68466,6
68467,2
68468,1
68469,5
68470,3
68471,4
68472,3
68473,5
68474,5
68475,0
68476,8
68477,4
68478,7
68479,8
68480,9
68481,4
68482,2
68483,1
68484,7
68485,4
68486,4
68487,4
68488,9
68489,4
68490,3
68491,6
68492,0
68493,7
68494,7
68495,8
68496,0
68497,9
68498,1
68499,2
68500,6
68501,2
68502,9
68503,7
68504,1
68505,9
68506,9
68507,3
68508,3
68509,1
68510,2
68511,3
68512,5
68513,4
68514,3
68515,7
68516,4
68517,1
68518,4
68519,6
68520,6
68521,7
68522,5
68523,4
68524,6
68525,7
68526,7
68527,8
68528,1
68529,8
68530,1
68531,2
68532,2
68533,7
68534,5
68535,6
68536,1
68537,4
68538,6
68539,0
68540,1
68541,2
68542,0
68543,7
68544,6
68545,8
68546,8
68547,2
68548,8
68549,4
68550,5
68551,0
68552,0
68553,1
68554,7
68555,9
68556,7
68557,3
68558,9
68559,4
68560,0
68561,2
68562,8
68563,7
68564,1
68565,0
68566,8
68567,7
68568,6
68569,8
68570,4
68571,8
68572,2
68573,8
68574,0
68575,1
68576,5
68577,3
68578,8
68579,1
68580,7
68581,2
68582,9
68583,3
68584,7
68585,9
68586,5
68587,1
68588,8
68589,3
68590,0
68591,9
68592,3
68593,6
68594,2
68595,4
68596,2
68597,7
68598,6
68599,0
68600,9
68601,8
68602,8
68603,1
68604,5
68605,7
68606,7
68607,1
68608,9
68609,5
68610,3
68611,1
68612,0
68613,7
68614,8
68615,7
68616,3
68617,7
68618,0
68619,6
68620,5
68621,5
68622,4
68623,6
68624,7
68625,2
68626,6
68627,3
68628,2
68629,0
68630,4
68631,7
68632,8
68633,6
68634,6
68635,0
68636,1
68637,5
68638,3
68639,8
68640,3
68641,9
68642,7
68643,1
68644,7
68645,1
68646,0
68647,3
68648,8
68649,5
68650,0
68651,0
68652,6
68653,4
68654,1
68655,1
68656,2
68657,9
68658,0
68659,3
68660,2
68661,1
68662,3
68663,2
68664,7
68665,0
68666,1
68667,8
68668,5
68669,7
68670,0
68671,0
68672,5
68673,0
68674,4
68675,6
68676,2
68677,2
68678,5
68679,4
68680,1
68681,8
68682,2
68683,1
68684,5
68685,3
68686,8
68687,8
68688,9
68689,5
68690,0
68691,1
68692,8
68693,1
68694,2
68695,9
68696,0
68697,3
68698,1
68699,1
68700,4
68701,7
68702,8
68703,3
68704,4
68705,9
68706,6
68707,2
68708,8
68709,3
68710,8
68711,6
68712,9
68713,4
68714,7
68715,5
68716,0
68717,4
68718,6
68719,4
68720,5
68721,7
68722,3
68723,7
68724,4
68725,6
68726,6
68727,9
68728,3
68729,0
68730,5
68731,4
68732,1
68733,2
68734,1
68735,8
68736,1
68737,9
68738,4
68739,8
68740,9
68741,9
68742,3
68743,3
68744,7
68745,0
68746,0
68747,6
68748,1
68749,0
68750,6
68751,6
68752,4
68753,2
68754,2
68755,7
68756,0
68757,6
68758,6
68759,4
68760,0
68761,0
68762,1
68763,6
68764,6
68765,6
68766,5
68767,7
68768,9
68769,1
68770,6
68771,3
68772,7
68773,5
68774,1
68775,2
68776,7
68777,7
68778,5
68779,8
68780,0
68781,9
68782,1
68783,0
68784,1
68785,4
68786,9
68787,1
68788,6
68789,5
68790,3
68791,3
68792,0
68793,7
68794,1
68795,2
68796,7
68797,9
68798,3
68799,7
68800,2
68801,4
68802,4
68803,6
68804,7
68805,2
68806,7
68807,3
68808,1
68809,7
68810,8
68811,8
68812,7
68813,0
68814,1
68815,4
68816,0
68817,9
68818,7
68819,9
68820,9
68821,1
68822,2
68823,0
68824,4
68825,7
68826,4
68827,3
68828,4
68829,1
68830,7
68831,5
68832,7
68833,6
68834,9
68835,0
68836,0
68837,3
68838,1
68839,4
68840,7
68841,9
68842,3
68843,6
68844,7
68845,8
68846,4
68847,7
68848,4
68849,0
68850,8
68851,3
68852,0
68853,1
68854,7
68855,9
68856,6
68857,9
68858,1
68859,4
68860,6
68861,7
68862,1
68863,0
68864,6
68865,3
68866,7
68867,3
68868,1
68869,8
68870,2
68871,5
68872,9
68873,5
68874,8
68875,1
68876,0
68877,9
68878,0
68879,6
68880,4
68881,1
68882,1
68883,4
68884,7
68885,3
68886,0
68887,7
68888,5
68889,8
68890,9
68891,5
68892,4
68893,0
68894,4
68895,7
68896,2
68897,3
68898,8
68899,3
68900,8
68901,1
68902,1
68903,2
68904,4
68905,8
68906,1
68907,0
68908,8
68909,1
68910,8
68911,5
68912,3
68913,2
68914,7
68915,0
68916,2
68917,4
68918,9
68919,6
68920,2
68921,4
68922,9
68923,9
68924,6
68925,9
68926,9
68927,6
68928,7
68929,3
68930,4
68931,3
68932,3
68933,9
68934,2
68935,7
68936,7
68937,8
68938,1
68939,1
68940,3
68941,6
68942,5
68943,7
68944,9
68945,4
68946,7
68947,4
68948,7
68949,0
68950,4
68951,2
68952,9
68953,7
68954,7
68955,7
68956,5
68957,0
68958,1
68959,2
68960,3
68961,4
68962,6
68963,4
68964,0
68965,9
68966,8
68967,7
68968,8
68969,4
68970,4
68971,8
68972,9
68973,7
68974,1
68975,6
68976,7
68977,9
68978,9
68979,0
68980,1
68981,5
68982,1
68983,1
68984,3
68985,6
68986,7
68987,9
68988,8
68989,3
68990,3
68991,8
68992,5
68993,2
68994,4
68995,3
68996,6
68997,8
68998,0
68999,9
69000,2
69001,6
69002,9
69003,0
69004,1
69005,6
69006,8
69007,1
69008,8
69009,2
69010,1
69011,8
69012,1
69013,7
69014,1
69015,9
69016,1
69017,8
69018,3
69019,9
69020,4
69021,1
69022,0
69023,8
69024,4
69025,4
69026,4
69027,8
69028,2
69029,2
69030,5
69031,5
69032,0
69033,2
69034,4
69035,9
69036,8
69037,0
69038,1
69039,0
69040,0
69041,4
69042,8
69043,3
69044,4
69045,7
69046,7
69047,5
69048,9
69049,2
69050,5
69051,4
69052,4
69053,9
69054,9
69055,4
69056,8
69057,7
69058,6
69059,9
69060,3
69061,4
69062,0
69063,2
69064,8
69065,0
69066,1
69067,9
69068,2
69069,1
69070,6
69071,7
69072,1
69073,8
69074,5
69075,0
69076,4
69077,6
69078,4
69079,1
69080,1
69081,9
69082,8
69083,8
69084,9
69085,1
69086,2
69087,2
69088,0
69089,5
69090,2
69091,5
69092,0
69093,8
69094,3
69095,0
69096,3
69097,8
69098,6
69099,1
69100,5
69101,0
69102,3
69103,3
69104,1
69105,9
69106,2
69107,8
69108,7
69109,8
69110,2
69111,3
69112,6
69113,2
69114,5
69115,6
69116,9
69117,0
69118,7
69119,1
69120,1
69121,7
69122,9
69123,0
69124,1
69125,6
69126,7
69127,5
69128,4
69129,2
69130,3
69131,3
69132,2
69133,1
69134,0
69135,0
69136,9
69137,9
69138,8
69139,2
69140,9
69141,0
69142,2
69143,5
69144,4
69145,7
69146,2
69147,6
69148,5
69149,2
69150,0
69151,9
69152,3
69153,9
69154,0
69155,6
69156,3
69157,5
69158,3
69159,4
69160,3
69161,4
69162,6
69163,9
69164,8
69165,8
69166,3
69167,2
69168,0
69169,0
69170,3
69171,9
69172,2
69173,2
69174,8
69175,1
69176,9
69177,2
69178,4
69179,9
69180,3
69181,0
69182,2
69183,0
69184,8
69185,7
69186,0
69187,5
69188,0
69189,6
69190,3
69191,1
69192,3
69193,0
69194,9
69195,5
69196,4
69197,3
69198,7
69199,0
69200,6
69201,2
69202,9
69203,0
69204,7
69205,6
69206,5
69207,6
69208,8
69209,2
69210,1
69211,0
69212,0
69213,6
69214,5
69215,9
69216,3
69217,5
69218,0
69219,2
69220,0
69221,7
69222,4
69223,6
69224,8
69225,3
69226,3
69227,8
69228,0
69229,3
69230,8
69231,9
69232,4
69233,0
69234,8
69235,8
69236,3
69237,8
69238,2
69239,5
69240,7
69241,0
69242,3
69243,6
69244,8
69245,1
69246,5
69247,9
69248,2
69249,2
69250,8
69251,9
69252,4
69253,1
69254,0
69255,5
69256,5
69257,2
69258,2
69259,8
69260,2
69261,2
69262,6
69263,7
69264,4
69265,5
69266,3
69267,7
69268,4
69269,5
69270,8
69271,8
69272,3
69273,9
69274,5
69275,0
69276,6
69277,4
69278,0
69279,3
69280,6
69281,6
69282,9
69283,2
69284,5
69285,6
69286,5
69287,0
69288,3
69289,1
69290,7
69291,8
69292,6
69293,2
69294,7
69295,3
69296,3
69297,8
69298,0
69299,0
69300,9
69301,2
69302,8
69303,5
69304,4
69305,9
69306,6
69307,2
69308,4
69309,2
69310,0
69311,1
69312,1
69313,9
69314,3
69315,8
69316,2
69317,1
69318,9
69319,5
69320,8
69321,2
69322,8
69323,2
69324,3
69325,5
69326,3
69327,6
69328,4
69329,9
69330,2
69331,6
69332,2
69333,9
69334,8
69335,0
69336,5
69337,9
69338,2
69339,4
69340,5
69341,2
69342,1
69343,0
69344,7
69345,2
69346,4
69347,2
69348,7
69349,4
69350,2
69351,0
69352,0
69353,1
69354,5
69355,4
69356,0
69357,1
69358,9
69359,9
69360,5
69361,6
69362,5
69363,2
69364,9
69365,2
69366,6
69367,4
69368,5
69369,4
69370,8
69371,9
69372,0
69373,9
69374,5
69375,5
69376,5
69377,7
69378,9
69379,3
69380,3
69381,8
69382,4
69383,3
69384,9
69385,3
69386,1
69387,0
69388,2
69389,5
69390,2
69391,8
69392,7
69393,9
69394,7
69395,7
69396,7
69397,9
69398,2
69399,6
69400,0
69401,6
69402,7
69403,2
69404,1
69405,8
69406,0
69407,3
69408,8
69409,5
69410,0
69411,5
69412,6
69413,9
69414,1
69415,1
69416,2
69417,0
69418,8
69419,9
69420,7
69421,7
69422,5
69423,8
69424,6
69425,1
69426,4
69427,0
69428,1
69429,8
69430,4
69431,3
69432,4
69433,7
69434,9
69435,3
69436,7
69437,5
69438,5
69439,0
69440,9
69441,1
69442,2
69443,1
69444,2
69445,7
69446,8
69447,0
69448,9
69449,3
69450,4
69451,1
69452,1
69453,7
69454,8
69455,1
69456,0
69457,5
69458,9
69459,0
69460,0
69461,9
69462,5
69463,3
69464,8
69465,8
69466,2
69467,8
69468,5
69469,7
69470,0
69471,7
69472,0
69473,9
69474,6
69475,9
69476,2
69477,9
69478,4
69479,8
69480,5
69481,2
69482,0
69483,1
69484,6
69485,6
69486,4
69487,7
69488,4
69489,1
69490,7
69491,7
69492,8
69493,5
69494,7
69495,0
69496,6
69497,4
69498,2
69499,1
69500,3
69501,8
69502,0
69503,3
69504,2
69505,7
69506,5
69507,9
69508,1
69509,0
69510,4
69511,3
69512,7
69513,0
69514,6
69515,3
69516,1
69517,8
69518,4
69519,7
69520,2
69521,5
69522,9
69523,3
69524,1
69525,8
69526,1
69527,9
69528,2
69529,9
69530,6
69531,2
69532,2
69533,1
69534,8
69535,3
69536,9
69537,8
69538,4
69539,0
69540,4
69541,8
69542,4
69543,5
69544,1
69545,2
69546,2
69547,6
69548,4
69549,1
69550,8
69551,5
69552,7
69553,7
69554,7
69555,3
69556,5
69557,5
69558,7
69559,9
69560,9
69561,8
69562,2
69563,8
69564,2
69565,1
69566,3
69567,3
69568,4
69569,8
69570,9
69571,4
69572,0
69573,7
69574,3
69575,6
69576,8
69577,1
69578,0
69579,6
69580,1
69581,6
69582,5
69583,4
69584,9
69585,7
69586,2
69587,8
69588,7
69589,3
69590,7
69591,6
69592,1
69593,2
69594,1
69595,7
69596,4
69597,8
69598,8
69599,5
69600,0
69601,2
69602,3
69603,0
69604,1
69605,2
69606,6
69607,5
69608,0
69609,1
69610,5
69611,5
69612,2
69613,5
69614,1
69615,9
69616,8
69617,7
69618,1
69619,2
69620,7
69621,0
69622,9
69623,3
69624,1
69625,9
69626,0
69627,4
69628,6
69629,6
69630,5
69631,9
69632,9
69633,2
69634,2
69635,7
69636,1
69637,8
69638,1
69639,4
69640,2
69641,3
69642,7
69643,8
69644,4
69645,0
69646,4
69647,5
69648,1
69649,2
69650,9
69651,3
69652,5
69653,8
69654,0
69655,1
69656,9
69657,6
69658,7
69659,3
69660,7
69661,4
69662,4
69663,8
69664,0
69665,2
69666,1
69667,1
69668,3
69669,0
69670,7
69671,0
69672,5
69673,9
69674,8
69675,9
69676,3
69677,7
69678,9
69679,9
69680,4
69681,8
69682,8
69683,0
69684,1
69685,4
69686,4
69687,0
69688,2
69689,8
69690,1
69691,2
69692,1
69693,3
69694,3
69695,2
69696,7
69697,8
69698,7
69699,0
69700,4
69701,3
69702,6
69703,4
69704,5
69705,7
69706,9
69707,2
69708,5
69709,2
69710,4
69711,5
69712,0
69713,1
69714,7
69715,6
69716,7
69717,6
69718,0
69719,0
69720,0
69721,5
69722,1
69723,1
69724,2
69725,4
69726,6
69727,9
69728,8
69729,1
69730,0
69731,1
69732,6
69733,8
69734,5
69735,4
69736,0
69737,4
69738,0
69739,4
69740,9
69741,3
69742,8
69743,5
69744,2
69745,8
69746,6
69747,2
69748,8
69749,1
69750,4
69751,4
69752,0
69753,8
69754,7
69755,5
69756,2
69757,8
69758,7
69759,2
69760,9
69761,5
69762,9
69763,2
69764,1
69765,0
69766,2
69767,1
69768,7
69769,7
69770,1
69771,7
69772,3
69773,5
69774,8
69775,7
69776,2
69777,5
69778,1
69779,5
69780,2
69781,0
69782,6
69783,0
69784,1
69785,2
69786,4
69787,4
69788,8
69789,0
69790,3
69791,2
69792,6
69793,3
69794,5
69795,1
69796,2
69797,3
69798,0
69799,5
69800,1
69801,8
69802,3
69803,1
69804,8
69805,7
69806,8
69807,4
69808,2
69809,0
69810,0
69811,7
69812,8
69813,1
69814,3
69815,9
69816,0
69817,2
69818,0
69819,1
69820,4
69821,8
69822,8
69823,3
69824,0
69825,8
69826,5
69827,7
69828,5
69829,4
69830,7
69831,7
69832,6
69833,1
69834,8
69835,1
69836,7
69837,7
69838,0
69839,3
69840,1
69841,6
69842,5
69843,5
69844,3
69845,8
69846,9
69847,3
69848,0
69849,9
69850,5
69851,1
69852,7
69853,2
69854,1
69855,5
69856,2
69857,8
69858,3
69859,3
69860,3
69861,7
69862,1
69863,3
69864,4
69865,4
69866,5
69867,7
69868,0
69869,6
69870,7
69871,3
69872,3
69873,7
69874,8
69875,8
69876,2
69877,5
69878,6
69879,9
69880,7
69881,3
69882,2
69883,9
69884,3
69885,0
69886,5
69887,5
69888,6
69889,9
69890,1
69891,4
69892,1
69893,5
69894,2
69895,4
69896,1
69897,4
69898,0
69899,3
69900,3
69901,6
69902,3
69903,0
69904,8
69905,4
69906,7
69907,5
69908,5
69909,7
69910,0
69911,7
69912,9
69913,4
69914,3
69915,2
69916,9
69917,1
69918,9
69919,1
69920,8
69921,8
69922,8
69923,5
69924,8
69925,3
69926,8
69927,9
69928,3
69929,0
69930,0
69931,2
69932,1
69933,8
69934,4
69935,4
69936,0
69937,0
69938,9
69939,5
69940,3
69941,1
69942,5
69943,1
69944,3
69945,5
69946,0
69947,2
69948,2
69949,1
69950,5
69951,3
69952,0
69953,8
69954,2
69955,9
69956,0
69957,9
69958,0
69959,0
69960,4
69961,1
69962,2
69963,6
69964,4
69965,9
69966,1
69967,4
69968,9
69969,7
69970,4
69971,2
69972,6
69973,0
69974,9
69975,7
69976,8
69977,5
69978,0
69979,9
69980,0
69981,0
69982,0
69983,8
69984,1
69985,3
69986,2
69987,7
69988,5
69989,8
69990,4
69991,5
69992,6
69993,8
69994,9
69995,1
69996,9
69997,1
69998,8
69999,1
70000,5
